   1.0000000000000000E-002  -4.8101990646244431E-005  -4.3434328830823266E-002   164.56889947443037     
   1.4999999999999999E-002  -4.7312551303255153E-005  -3.1722180943135267E-002   164.56724923760316     
   2.0500000000000001E-002  -4.6645287321646196E-005  -4.5924871630056284E-002   164.57549898240339     
   2.6550000000000001E-002  -4.5832162049663779E-005  -3.9863872208197121E-002   164.57632370525457     
   3.3204999999999998E-002  -4.4937551085376138E-005  -4.4087014430247359E-002   164.58704840793609     
   3.6532499999999996E-002  -4.4438468728228083E-005  -3.7955646070578497E-002   164.58704826006644     
   4.0192749999999999E-002  -4.3898362522593845E-005  -4.0774502462304095E-002   164.58787309952186     
   4.3853000000000003E-002  -4.3335681938440806E-005  -4.1213820422628979E-002   164.58787294090271     
   4.7879275000000006E-002  -4.2702295682197882E-005  -4.3424751050337225E-002   164.58869776910555     
   5.1905550000000009E-002  -4.2043035475750508E-005  -4.3914829405763932E-002   164.58952259996298     
   5.5931825000000011E-002  -4.1376751870573415E-005  -4.6227977911440316E-002   164.59117243363255     
   5.7944962500000009E-002  -4.1017084362651465E-005  -4.2145506875017363E-002   164.59117235106004     
   6.0159413750000008E-002  -4.0631063190228486E-005  -4.3056946313385643E-002   164.59117226108424     
   6.2595310125000012E-002  -4.0203217361197185E-005  -4.3683954461406611E-002   164.59117216315323     
   6.5274796137500007E-002  -3.9734224564927651E-005  -4.5492995648352755E-002   164.59199705682050     
   6.7954282150000003E-002  -3.9257300612461160E-005  -4.5574745250923178E-002   164.59282195176456     
   7.0633768162499999E-002  -3.8778079220321601E-005  -4.5991215874326793E-002   164.59364684799357     
   7.3313254174999995E-002  -3.8296100339798841E-005  -4.6185018717407968E-002   164.59447174551448     
   7.5992740187499991E-002  -3.7824126341895966E-005  -4.8841127969674124E-002   164.59859664483400     
   7.8672226199999987E-002  -3.7336539612202005E-005  -4.7053794579659754E-002   164.59942154492524     
   8.1351712212499983E-002  -3.6865590031413187E-005  -5.0081847434652223E-002   164.60189644654707     
   8.4031198224999978E-002  -3.6377879319045407E-005  -4.7670514988615013E-002   164.60272134920814     
   8.6710684237499974E-002  -3.5903860202074906E-005  -4.9450376728827392E-002   164.60437125327181     
   8.9390170249999970E-002  -3.5422828763604179E-005  -4.8254575908461869E-002   164.60519615849145     
   9.2069656262499966E-002  -3.4942558389192244E-005  -4.7335339670879134E-002   164.60519606486295     
   9.5017090876249974E-002  -3.4431954783352427E-005  -4.9806963662279179E-002   164.60684596364504     
   9.7964525489999982E-002  -3.3910010216903887E-005  -4.7561291089051765E-002   164.60684586369834     
  0.10120670356512498       -3.3359764726403597E-005  -5.0267903455256550E-002   164.60849575580724     
  0.10444888164024999       -3.2803647300985081E-005  -4.9029726311813869E-002   164.60932064958541     
  0.10769105971537499       -3.2250739772339311E-005  -4.7846162704236278E-002   164.60932054502285     
  0.11125745559801249       -3.1665403121352972E-005  -4.9983214753362627E-002   164.61097043235947     
  0.11482385148065000       -3.1091474952501649E-005  -5.1014295811969562E-002   164.61344532187465     
  0.11839024736328750       -3.0512153861637222E-005  -4.9534991888367852E-002   164.61427021319105     
  0.12195664324592501       -2.9961132662333111E-005  -5.2315436604043593E-002   164.61674510673902     
  0.12552303912856250       -2.9404012155628512E-005  -5.0500374034819183E-002   164.61839500213989     
  0.12908943501119999       -2.8858679577293152E-005  -5.0438922080107036E-002   164.61921989935325     
  0.13265583089383748       -2.8320113424149986E-005  -4.9635991328119848E-002   164.61921979835242     
  0.13657886636473873       -2.7754809625718602E-005  -5.2052757216413156E-002   164.62086968973702     
  0.14050190183563999       -2.7188823521960024E-005  -5.0821582745704294E-002   164.62169458320841     
  0.14442493730654124       -2.6637414917028672E-005  -5.0896595183432765E-002   164.62251947884218     
  0.14834797277744249       -2.6097331473851976E-005  -5.0819447735281381E-002   164.62334437659646     
  0.15227100824834375       -2.5574146412566095E-005  -5.1783951276234079E-002   164.62416927640191     
  0.15619404371924500       -2.5060869566341829E-005  -5.1953379228123008E-002   164.62499417822156     
  0.16011707919014626       -2.4555576117783306E-005  -5.1551076403705071E-002   164.62581908202287     
  0.16404011466104751       -2.4056804419173933E-005  -5.0492007382038032E-002   164.62581898764714     
  0.16835545367903890       -2.3545942086432613E-005  -5.4335860652702843E-002   164.62911888657496     
  0.17267079269703028       -2.3023362199398406E-005  -5.1744329876581653E-002   164.62994378735527     
  0.17698613171502167       -2.2513913144926257E-005  -5.0825122724143371E-002   164.62994369020026     
  0.18173300463481218       -2.1978021007758930E-005  -5.1840101920936348E-002   164.63076858600689     
  0.18647987755460269       -2.1454781084520781E-005  -5.1854273359880854E-002   164.63159348429764     
  0.19122675047439319       -2.0950107429351637E-005  -5.2619942360564824E-002   164.63324338511850     
  0.19597362339418370       -2.0446736972068790E-005  -5.0850254708351493E-002   164.63324328806036     
  0.20119518360595326       -1.9919548065554112E-005  -5.1643821182670302E-002   164.63406818418343     
  0.20641674381772282       -1.9413483048356674E-005  -5.2713256271012504E-002   164.63571808308214     
  0.21163830402949238       -1.8912590264294363E-005  -5.1621472133634848E-002   164.63654298446275     
  0.21685986424126194       -1.8428860133427777E-005  -5.1514187383528427E-002   164.63736788836968     
  0.22208142445303150       -1.7955102512041763E-005  -5.0630344418562075E-002   164.63736779461638     
  0.22782514068597803       -1.7471853545994940E-005  -5.2988322498766532E-002   164.63943019460183     
  0.23356885691892457       -1.6991963631011788E-005  -5.2721414899458613E-002   164.64190509740675     
  0.23931257315187110       -1.6515659899334389E-005  -5.0488338860363802E-002   164.64149250248605     
  0.24563066100811229       -1.5979891718705936E-005  -4.4240708780616686E-002   164.64190490160149     
  0.25194874886435348       -1.5496431267211449E-005  -4.6735107488132914E-002   164.64272980382728     
  0.25826683672059464       -1.4981022509597802E-005  -5.0429010813517583E-002   164.64190470904322     
  0.26521673336245993       -1.4612971832614278E-005  -5.1700114746964614E-002   164.64355460775246     
  0.27216663000432523       -1.4127314809729900E-005  -5.1424131034898138E-002   164.64437950970250     
  0.27911652664619052       -1.3673153556558803E-005  -5.0535329707576897E-002   164.64437941467537     
  0.28676141295224233       -1.3203901104863885E-005  -5.0989862010739719E-002   164.64520431386717     
  0.29440629925829415       -1.2757093320631326E-005  -5.1340926733748411E-002   164.64685421660909     
  0.30205118556434596       -1.2318836802546863E-005  -5.0016824747540212E-002   164.64685412243307     
  0.31046056050100296       -1.1866555041192702E-005  -5.0310262298899476E-002   164.64767902277697     
  0.31886993543765996       -1.1434028108007662E-005  -5.0110425785343020E-002   164.64850392675771     
  0.32727931037431696       -1.1021013695174831E-005  -4.9875360721621659E-002   164.64932883421187     
  0.33568868531097396       -1.0622444702477277E-005  -4.9067161217948574E-002   164.64932874488449     
  0.34493899774129666       -1.0207840297619956E-005  -4.8863975883056805E-002   164.64850365032473     
  0.35511434141465165       -9.7798940576131850E-006  -4.8753109642620432E-002   164.64850355081094     
  0.36630721945534211       -9.3448818607048203E-006  -4.9478191442664479E-002   164.65097844661574     
  0.37750009749603258       -8.9297080674558917E-006  -4.8984552494593915E-002   164.65180334680019     
  0.38869297553672305       -8.5361057629613746E-006  -4.8367207643757217E-002   164.65262825139104     
  0.39988585357741352       -8.1634676883756197E-006  -4.7673189230043329E-002   164.65262816001788     
  0.41219801942217305       -7.7820083676472083E-006  -4.7382662842985278E-002   164.65262806420435     
  0.42574140185140852       -7.3920455930420791E-006  -4.7034553651926540E-002   164.65262796409183     
  0.44063912252356757       -7.0001361048122138E-006  -4.7078594323437875E-002   164.65345285993936     
  0.45553684319572663       -6.6371535924611933E-006  -4.6816506795816601E-002   164.65510276132972     
  0.47043456386788568       -6.2944853379373251E-006  -4.5827332304420529E-002   164.65510266755564     
  0.48682205660726063       -5.9510002810223692E-006  -4.5422121970022981E-002   164.65510257003473     
  0.50484829862057312       -5.6068996772505693E-006  -4.4966726189376631E-002   164.65510246896264     
  0.52467716483521676       -5.2674571975683824E-006  -4.4717730030666758E-002   164.65592736465010     
  0.54450603104986040       -4.9560576178596332E-006  -4.3967128246537854E-002   164.65592726637672     
  0.56631778388596843       -4.6496344239620579E-006  -4.3443869557295005E-002   164.65592716495954     
  0.59031071200568730       -4.3541355259359133E-006  -4.3130294883647058E-002   164.65640831062407     
  0.61430364012540617       -4.0902055167795290E-006  -4.2599064968205105E-002   164.65723321262172     
  0.63829656824512504       -3.8496713182664098E-006  -4.1775207609007652E-002   164.65805812039073     
  0.66228949636484391       -3.6343195821034682E-006  -4.1103802053249421E-002   164.65805803319293     
  0.68868171729653471       -3.4292117063403387E-006  -4.0837807004846384E-002   164.65888294282291     
  0.71507393822822551       -3.2442124922309929E-006  -4.0173084623772705E-002   164.65888285720018     
  0.74410538125308534       -3.0667792097521194E-006  -3.9689287358825813E-002   164.65888276816767     
  0.77603996858043112       -2.8997648429753202E-006  -3.9342708551245519E-002   164.65970767569809     
  0.80797455590777689       -2.7508154139934853E-006  -3.8668262611733513E-002   164.65970758785267     
  0.84310260196785725       -2.6123028564181570E-006  -3.8159770037919066E-002   164.65915749608686     
  0.88174345263394571       -2.4763988000421971E-006  -3.7336114630384803E-002   164.65915740039713     
  0.92424838836664303       -2.3520571948605548E-006  -3.6798621058471766E-002   164.65915730042246     
  0.97100381767261001       -2.2387241354560487E-006  -3.6156282855973970E-002   164.65860719574997     
   1.0224347899091737       -2.1304617659250022E-006  -3.5333168083836762E-002   164.65805708617756     
   1.0790088593693938       -2.0331201605699820E-006  -3.4469463125790266E-002   164.65640697115225     
   1.1412403357756360       -1.9367619267414257E-006  -3.3276162011291313E-002   164.65503185075372     
   1.2034718121818782       -1.8549685747601801E-006  -3.2189201848307848E-002   164.65365673544611     
   1.2657032885881203       -1.7754130269450304E-006  -3.0941763690738529E-002   164.65338162509198     
   1.3279347649943625       -1.7078231462136938E-006  -3.0153628022018961E-002   164.65283151881059     
   1.3963893890412289       -1.6494319887667929E-006  -2.9500056840707781E-002   164.65104390589789     
   1.4716894754927818       -1.5883443618686960E-006  -2.8804420247750734E-002   164.65186878642876     
   1.5469895619443348       -1.5398362902494510E-006  -2.8202004390981836E-002   164.65076867047819     
   1.6298196570410430       -1.4921567955272445E-006  -2.7536911993838873E-002   164.64953104687982     
   1.7209327616474221       -1.4494403954168388E-006  -2.7059621178920273E-002   164.64911841494595     
   1.8120458662538013       -1.4072778938603327E-006  -2.6252976112644027E-002   164.64788078672052     
   1.9122702813208183       -1.3723984364238509E-006  -2.5716159653960204E-002   164.64513064929733     
   2.0124946963878352       -1.3329065442895644E-006  -2.4673924570394981E-002   164.64059301575361     
   2.1127191114548522       -1.2883525949333640E-006  -2.3539755903343770E-002   164.63770538675561     
   2.2129435265218693       -1.2450208871972257E-006  -2.2664164830601019E-002   164.63523026196984     
   2.3231903830955880       -1.2034324366978695E-006  -2.2060444532391404E-002   164.63344262929269     
   2.4444619253266788       -1.1643337988924979E-006  -2.1512178553740168E-002   164.63220498809022     
   2.5778606217808786       -1.1298147691966587E-006  -2.0937478358353207E-002   164.62890483744616     
   2.7112593182350784       -1.0930662621093665E-006  -2.0310277896533856E-002   164.62814844163091     
   2.8579978843346980       -1.0660242461995247E-006  -2.0009371585539851E-002   164.62732328546957     
   3.0047364504343177       -1.0335778473015297E-006  -1.9248318775639858E-002   164.62429813379913     
   3.1661488731438991       -9.9902967319076733E-007  -1.8700071822788437E-002   164.62306047254145     
   3.3437025381244392       -9.7369554774324657E-007  -1.8293137468331538E-002   164.61838529978132     
   3.5212562031049792       -9.3920947619926536E-007  -1.7521602285684310E-002   164.61591013301725     
   3.7165652345835731       -9.0911121789762266E-007  -1.6995251070269890E-002   164.61040995544835     
   3.9314051692100263       -8.7383590366282584E-007  -1.6281110802289826E-002   164.60545976770391     
   4.1677290972991248       -8.3979797397506922E-007  -1.5703942854646255E-002   164.60133456936612     
   4.4040530253882233       -8.0680990520352802E-007  -1.5081048312907614E-002   164.59830937869361     
   4.6640093462862318       -7.7668755273154124E-007  -1.4560602297678128E-002   164.59212167677703     
   4.9499612992740412       -7.4468522919188476E-007  -1.4013883423642279E-002   164.58868396395914     
   5.2359132522618506       -7.1679654095410988E-007  -1.3485459032371864E-002   164.58249625897440     
   5.5504604005484408       -6.8608208983658640E-007  -1.2935036604707763E-002   164.57699604315195     
   5.8964622636636905       -6.5730595140309475E-007  -1.2417647359194929E-002   164.57328331571506     
   6.2770643130904649       -6.3203993079504826E-007  -1.2030459772009731E-002   164.56915807528034     
   6.6576663625172392       -6.0593975954480705E-007  -1.1493951610632882E-002   164.56242034464310     
   7.0763286168866912       -5.8958888052587039E-007  -1.1299583940423507E-002   164.55994509819317     
   7.4949908712561433       -5.5812289304054920E-007  -1.0625118958468916E-002   164.55746986452286     
   7.9555193510625406       -5.3636560089068596E-007  -1.0273233150195198E-002   164.55004461749664     
   8.4621006788495770       -5.1345639209738860E-007  -9.8841393308842299E-003   164.54756935738524     
   9.0193401394153181       -5.0322276338875709E-007  -9.7657830796483349E-003   164.54227532708484     
   9.5765795999810592       -4.7775199241902860E-007  -9.1922577464833063E-003   164.53485006084773     
   10.189543006603374       -4.5664726831549938E-007  -8.8570712811001148E-003   164.53237478093317     
   10.863802753887921       -4.4630587333336659E-007  -8.7242693388019567E-003   164.52783698025635     
   11.538062501172467       -4.2687891002399288E-007  -8.3023388438641845E-003   164.52123669240862     
   12.279748223185468       -4.0921860701915982E-007  -8.0004240030668600E-003   164.51999888889594     
   13.095602517399769       -3.9691669496449091E-007  -7.7892487965900868E-003   164.51161106504665     
   13.993042241035500       -3.8315381017099021E-007  -7.5260112400786575E-003   164.50666072116456     
   14.980225937034804       -3.6773587696159712E-007  -7.2099205668626348E-003   164.49854785812519     
   16.066128002634038       -3.5580188807080996E-007  -6.9453206420723567E-003   164.49015997172111     
   17.260620274793197       -3.4179013469948743E-007  -6.6723279315881439E-003   164.48342206355846     
   18.455112546952357       -3.2779038794660466E-007  -6.3842801921255108E-003   164.47407167211696     
   19.649604819111516       -3.1156244825808491E-007  -6.0768418028916858E-003   164.46857129993435     
   20.963546318486593       -3.0072803340862143E-007  -5.8715445329736290E-003   164.46210840477426     
   22.408881967799175       -2.9239936679647448E-007  -5.6901957224476689E-003   164.45165798208359     
   23.998751182043016       -2.8364105057195663E-007  -5.4834905137045621E-003   164.44258253121703     
   25.588620396286856       -2.6855204403930054E-007  -5.1780662832756723E-003   164.43048210420653     
   27.337476531955080       -2.6631104367389653E-007  -5.1561326368439932E-003   164.42429413881737     
   29.086332667623303       -2.4691018037548690E-007  -4.7624141098162806E-003   164.41796870698442     
   31.010074416858352       -2.3898527304398865E-007  -4.6441988420750585E-003   164.41164324719989     
   33.126190341016901       -2.3619029855711845E-007  -4.6107843448777181E-003   164.40999274764593     
   35.242306265175451       -2.2535401774349283E-007  -4.3799697983622019E-003   164.39576102071564     
   37.570033781749856       -2.1711798059244513E-007  -4.2321231882929715E-003   164.39067301530307     
   40.130534049981705       -2.1096503379388959E-007  -4.1163511689221027E-003   164.37540997504442     
   42.947084345036735       -2.0270987417815955E-007  -3.9631716117719375E-003   164.36908440406475     
   46.045289669597274       -1.9873673075029269E-007  -3.8798018843340817E-003   164.35169003837623     
   49.453315526613864       -1.9194176316497917E-007  -3.7527140394374280E-003   164.34343938438596     
   52.861341383630453       -1.8073314970487463E-007  -3.5421909137662239E-003   164.33175126838819     
   56.610169826348702       -1.7942255075443492E-007  -3.5199470538662425E-003   164.32116309596302     
   60.733881113338782       -1.7229897337800344E-007  -3.3917757307165451E-003   164.30562488543734     
   65.269963529027862       -1.6435784904398703E-007  -3.2348363323297978E-003   164.29544913981255     
   69.806045944716942       -1.6014201696406827E-007  -3.1427817624126615E-003   164.27991091326948     
   74.795736601974937       -1.5767767749162664E-007  -3.0978827849071243E-003   164.26643512652947     
   79.785427259232932       -1.5149525736612610E-007  -2.9647670824504272E-003   164.24855937060474     
   85.274086982216730       -1.4381144163366895E-007  -2.8174959617458129E-003   164.23412108114366     
   91.311612677498900       -1.4131254856028772E-007  -2.7669383514766950E-003   164.21473272793662     
   97.952890942309295       -1.3560960589157849E-007  -2.6414535076352305E-003   164.19121932708742     
   105.25829703360073       -1.3115939003458523E-007  -2.5557892694236073E-003   164.17389336885100     
   113.29424373402131       -1.2846925470051298E-007  -2.4973335087379290E-003   164.14996733647612     
   122.13378510448393       -1.1916731805906727E-007  -2.3182991513981815E-003   164.12411628282013     
   131.85728061199282       -1.1555041349729635E-007  -2.2571705051385518E-003   164.10431515924307     
   141.85728061199282       -1.1209398491792687E-007  -2.1985889782800616E-003   164.09159528831907     
   151.85728061199282       -1.0906590731630588E-007  -2.1327390974260575E-003   164.06780669756668     
   161.85728061199282       -1.0510087602441513E-007  -2.0639010649399518E-003   164.04951814652577     
   171.85728061199282       -1.0116645306023772E-007  -1.9891807733964828E-003   164.02868588464472     
   181.85728061199282       -9.9713884556841688E-008  -1.9587912644486254E-003   164.00695988729322     
   191.85728061199282       -9.8296116074312880E-008  -1.9282348984359012E-003   163.99348390412140     
   196.85728061199282       -9.5947701432545746E-008  -1.8752955429453440E-003   163.97932092421152     
   202.35728061199282       -9.1275364512024546E-008  -1.7943194015940288E-003   163.97107042218340     
   208.40728061199283       -9.5265345291259949E-008  -1.8713695655134975E-003   163.95731984588770     
   215.06228061199283       -9.2268945524660945E-008  -1.8132717103680905E-003   163.95058173174718     
   221.71728061199283       -9.1475526868387090E-008  -1.7879118859282386E-003   163.93215612292735     
   229.03778061199284       -8.9674810795599545E-008  -1.7618181922642061E-003   163.92321796640607     
   237.09033061199284       -9.1486099088824988E-008  -1.7903367707825207E-003   163.90974222971357     
   245.94813561199285       -9.1363293480991801E-008  -1.7915812511260841E-003   163.90300392072578     
   255.69172111199285       -8.9652457540829972E-008  -1.7518574879324474E-003   163.88100304723275     
   265.43530661199287       -8.8237174248649043E-008  -1.7125682866535048E-003   163.85666468742858     
   275.43530661199287       -8.3979231950980663E-008  -1.6366639253567385E-003   163.83796384747740     
   285.43530661199287       -8.2819235925179758E-008  -1.6196227210815844E-003   163.82503801918418     
   295.43530661199287       -8.3630809380480872E-008  -1.6321777730676640E-003   163.80936218292644     
   305.43530661199287       -8.1119990788793071E-008  -1.5789752237937704E-003   163.78392387152718     
   315.43530661199287       -8.5034120051435709E-008  -1.6572668061295239E-003   163.77897302140587     
   325.43530661199287       -7.6827451187495162E-008  -1.4996222446758715E-003   163.76563475306355     
   335.43530661199287       -7.8893966276928304E-008  -1.5316001337086185E-003   163.74638396395673     
   345.43530661199287       -7.6863061976581145E-008  -1.4982773358333068E-003   163.72617069521260     
   355.43530661199287       -7.5836199622052856E-008  -1.4809912358409590E-003   163.71035743678840     
   365.43530661199287       -7.5925196682385978E-008  -1.4779274265321937E-003   163.69509417742299     
   375.43530661199287       -7.3466454788350012E-008  -1.4404655443896151E-003   163.68890594272659     
   385.43530661199287       -7.3526311402355350E-008  -1.4394522499093074E-003   163.67158020734098     
   395.43530661199287       -7.2291653056572439E-008  -1.4161784941642750E-003   163.66374198438828     
   405.43530661199287       -7.4771211711237591E-008  -1.4592466227370555E-003   163.64435373664861     
   415.43530661199287       -7.0227622631863170E-008  -1.3751514475330540E-003   163.63280303430099     
   425.43530661199287       -7.1381093812130176E-008  -1.3896244834653683E-003   163.61203982035101     
   435.43530661199287       -7.1193034636196823E-008  -1.3900617970098131E-003   163.60131410849425     
   445.43530661199287       -6.8727315774192648E-008  -1.3408422171484421E-003   163.58536342115502     
   455.43530661199287       -6.7631586687220912E-008  -1.3285296120229251E-003   163.57546274477895     
   465.43530661199287       -6.7851754977919892E-008  -1.3272229720007788E-003   163.56102456624626     
   475.43530661199287       -6.8866221613199600E-008  -1.3414922126294415E-003   163.54438637742959     
   485.43530661199287       -7.0722615921998179E-008  -1.3757829191570353E-003   163.53448567043671     
   495.43530661199287       -6.5357227134072263E-008  -1.2771463583924043E-003   163.51798501674861     
   505.43530661199287       -6.9303666393413216E-008  -1.3578568375982930E-003   163.51468432396325     
   515.43530661199293       -6.4845671588497523E-008  -1.2664037958808065E-003   163.49818367537790     
   525.43530661199293       -6.7291683081517147E-008  -1.3153304183008102E-003   163.48663300255905     
   535.43530661199293       -6.3906259130175944E-008  -1.2534734235090568E-003   163.47803861345974     
   545.43530661199293       -6.5368856786195165E-008  -1.2755779843122690E-003   163.45906295968842     
   555.43530661199293       -6.4631993810884566E-008  -1.2628097323932890E-003   163.45204981333578     
   565.43530661199293       -6.7653613452491648E-008  -1.3161124938246090E-003   163.43706163680108     
   575.43530661199293       -6.3344643175606782E-008  -1.2356006736653944E-003   163.42262350328804     
   585.43530661199293       -6.4127675353312308E-008  -1.2455068786440197E-003   163.40859786195938     
   595.43530661199293       -6.6324647676980757E-008  -1.2960216751413934E-003   163.40488469890394     
   605.43530661199293       -6.4706105202045529E-008  -1.2582085525041332E-003   163.38955280191388     
   615.43530661199293       -6.2007452403993336E-008  -1.2091068714532207E-003   163.37717718179559     
   625.43530661199293       -6.2419534000651239E-008  -1.2197321252345949E-003   163.36851405756619     
   635.43530661199293       -6.2139422095051516E-008  -1.2162462007991003E-003   163.35861343614931     
   645.43530661199293       -6.2991831353780378E-008  -1.2247933562140705E-003   163.34830030619679     
   655.43530661199293       -6.2178135971606575E-008  -1.2108852606715641E-003   163.33509968436158     
   665.43530661199293       -6.5495549629050380E-008  -1.2671580182174382E-003   163.31213652945121     
   675.43530661199293       -5.9223006847886421E-008  -1.1538188331577021E-003   163.30223593718114     
   685.43530661199293       -5.9322852650793764E-008  -1.1594884584078032E-003   163.29439784391866     
   695.43530661199293       -5.9911966322144096E-008  -1.1658822794155478E-003   163.27844724472172     
   705.43530661199293       -6.5303283820821440E-008  -1.2685832791727207E-003   163.26772159189613     
   715.43530661199293       -5.7994372688407607E-008  -1.1243707591052845E-003   163.25534601188835     
   725.43530661199293       -6.0119730663278161E-008  -1.1712695802409011E-003   163.25012041078696     
   735.43530661199293       -5.7726184326919641E-008  -1.1278244389477201E-003   163.24269483346657     
   745.43530661199293       -5.9711898379739084E-008  -1.1516360132970552E-003   163.22179423617814     
   755.43530661199293       -5.8442451150583793E-008  -1.1319696265526696E-003   163.21051865169628     
   765.43530661199293       -5.7770825230375626E-008  -1.1232070442418148E-003   163.20171807396278     
   775.43530661199293       -5.9843491610449336E-008  -1.1625517227943900E-003   163.18562997558263     
   785.43530661199293       -5.6400050142017307E-008  -1.0979554705585625E-003   163.17820441154157     
   795.43530661199293       -5.7199616485636612E-008  -1.1090522286049242E-003   163.15950383948709     
   805.43530661199293       -5.6652224106738336E-008  -1.1029782587953887E-003   163.14877827291107     
   815.43530661199293       -5.7150007919540514E-008  -1.1048272800637910E-003   163.13310270136139     
   825.43530661199293       -5.6451936653541824E-008  -1.0932311112121546E-003   163.12485213675134     
   835.43530661199293       -5.7565683739686499E-008  -1.1159468401293643E-003   163.11288906119239     
   845.43530661199293       -5.4556465967155886E-008  -1.0600437734769918E-003   163.10381351559508     
   855.43530661199293       -5.4911380572862256E-008  -1.0665972720373452E-003   163.09308796644717     
   865.43530661199293       -5.5206760203874493E-008  -1.0705884077634408E-003   163.08277491430863     
   875.43530661199293       -5.3978029126731628E-008  -1.0522128032195005E-003   163.08277437452833     
   885.43530661199293       -5.3854686110810922E-008  -1.0508176204149923E-003   163.07383633597064     
   895.43530661199293       -5.4771349888945504E-008  -1.0623637494994935E-003   163.05499828815880     
   905.43530661199293       -5.4097876940291360E-008  -1.0426371172860653E-003   163.04221024715790     
   915.43530661199293       -5.3065270560937543E-008  -1.0320190151718127E-003   163.03670971648467     
   925.43530661199293       -5.2724499223267568E-008  -1.0270868275516301E-003   163.02350918919083     
   935.43530661199293       -5.2636181325281891E-008  -1.0231435224462859E-003   163.01319616280963     
   945.43530661199293       -5.5192294396347134E-008  -1.0696989206082368E-003   162.99972061095397     
   955.43530661199293       -5.1106480920069781E-008  -9.9484451782821384E-004   162.99188259986150     
   965.43530661199293       -5.1772867407036545E-008  -1.0051930405279533E-003   162.97909458204873     
   975.43530661199293       -5.4571040290538275E-008  -1.0549439141934289E-003   162.96479403634109     
   985.43530661199293       -5.3449386490851081E-008  -1.0283186789440957E-003   162.95461850191955     
   995.43530661199293       -5.2501016030018093E-008  -1.0144374295817872E-003   162.94760547700204     
   1005.4353066119929       -4.9984260608613167E-008  -9.7114042843117715E-004   162.93852997714203     
   1015.4353066119929       -5.0988126608379211E-008  -9.9009877708109459E-004   162.92697946720827     
   1025.4353066119929       -5.3865048754432336E-008  -1.0432228082022745E-003   162.91955392863173     
   1035.4353066119929       -5.4222520197415535E-008  -1.0448194647495633E-003   162.90772838654604     
   1045.4353066119929       -4.9989167657035340E-008  -9.6683656492315795E-004   162.89782788662487     
   1055.4353066119929       -5.0592338652170995E-008  -9.8242714371141030E-004   162.89411488069635     
   1065.4353066119929       -5.2987291417838441E-008  -1.0302482035598236E-003   162.89287685095323     
   1075.4353066119929       -5.0418720242853379E-008  -9.8162259046668675E-004   162.89012634674461     
   1085.4353066119929       -5.1446616264966247E-008  -9.9568724493580719E-004   162.87981333223124     
   1095.4353066119929       -5.1966292540033178E-008  -9.9950957751942962E-004   162.85382531248320     
   1105.4353066119929       -5.3126189486301215E-008  -1.0263604802079748E-003   162.84749978132265     
   1115.4353066119929       -5.2417598092424064E-008  -1.0128485104040331E-003   162.83594925725086     
   1125.4353066119929       -4.9814546220363411E-008  -9.6562960021781346E-004   162.82824875908702     
   1135.4353066119929       -4.9738409717107503E-008  -9.6861640383493766E-004   162.82206076164465     
   1145.4353066119929       -5.0768860087738245E-008  -9.7762187351842569E-004   162.80996025393696     
   1155.4353066119929       -4.9782491711907141E-008  -9.6586030132191374E-004   162.80060975610013     
   1165.4353066119929       -4.9398775875438332E-008  -9.5996238224566673E-004   162.78507176207279     
   1175.4353066119929       -4.9343777586311316E-008  -9.5761805509748444E-004   162.77943376861779     
   1185.4353066119929       -5.2555990743040688E-008  -1.0209057490661974E-003   162.76829574315965     
   1195.4353066119929       -4.8168465127471323E-008  -9.3029093698588120E-004   162.74932026138450     
   1205.4353066119929       -4.8904552828264533E-008  -9.4156021376645466E-004   162.74010727232888     
   1215.4353066119929       -4.8927851295080870E-008  -9.4596907466494942E-004   162.72113178298611     
   1225.4353066119929       -4.9315282780706978E-008  -9.4727858798405247E-004   162.70518128975976     
   1235.4353066119929       -4.8466446148603072E-008  -9.3421584064719656E-004   162.69624330507000     
   1245.4353066119929       -4.7832752416085966E-008  -9.2560435232380794E-004   162.68593032666135     
   1255.4353066119929       -4.7703172338697032E-008  -9.1998230599727815E-004   162.67891734960807     
   1265.4353066119929       -4.6894129397924089E-008  -9.1011243600119720E-004   162.67272938065321     
   1275.4353066119929       -4.6807469050017498E-008  -9.0877967358254062E-004   162.66777891256754     
   1285.4353066119929       -4.6319678566266265E-008  -9.0229638397370648E-004   162.66626594936869     
   1295.4353066119929       -4.6751669760755188E-008  -9.0527430695426135E-004   162.65512798181132     
   1305.4353066119929       -4.6610017455702270E-008  -9.0135517652833194E-004   162.64206501564459     
   1315.4353066119929       -4.6211545323438758E-008  -8.9436813702822718E-004   162.63175205347935     
   1325.4353066119929       -4.5775384347160458E-008  -8.8692086838780093E-004   162.62762659572536     
   1335.4353066119929       -4.5450980498396021E-008  -8.8327362909380403E-004   162.62391364120990     
   1345.4353066119929       -4.7854559173974693E-008  -9.2835666843866084E-004   162.61332566275621     
   1355.4353066119929       -4.4146448747011890E-008  -8.5967655368651284E-004   162.61043772129165     
   1365.4353066119929       -4.8863813071672623E-008  -9.4973654451849764E-004   162.60259973290260     
   1375.4353066119929       -4.4093526904280700E-008  -8.5166550718604960E-004   162.58266179188792     
   1385.4353066119929       -4.4875951389841592E-008  -8.6753798861642227E-004   162.57358634308912     
   1395.4353066119929       -4.5287155047338825E-008  -8.7575904340771746E-004   162.56299839020036     
   1405.4353066119929       -4.4917183119179951E-008  -8.7192047482695986E-004   162.55557294101615     
   1415.4353066119929       -4.5158585514409631E-008  -8.7536805408538457E-004   162.54209748938933     
   1425.4353066119929       -4.6582656717871134E-008  -9.0511753436797705E-004   162.53962202369112     
   1435.4353066119929       -4.4032074265064936E-008  -8.5563944219949647E-004   162.53054658334963     
   1445.4353066119929       -4.4127436108301463E-008  -8.5980825166368652E-004   162.52147114203513     
   1455.4353066119929       -4.4657870701551975E-008  -8.6633869803991984E-004   162.51569569543673     
   1465.4353066119929       -4.4885644548928762E-008  -8.7061615019681619E-004   162.50593274655168     
   1475.4353066119929       -4.4747967540855065E-008  -8.6551114620020408E-004   162.49561979903501     
   1485.4353066119929       -4.3966584784151854E-008  -8.5550772232907842E-004   162.48874435932237     
   1495.4353066119929       -4.4874994016584390E-008  -8.6420359689774718E-004   162.47513141051397     
   1505.4353066119929       -4.3901537063589972E-008  -8.5082125801768207E-004   162.47114347149082     
   1515.4353066119929       -4.4255311647565104E-008  -8.5397595660597031E-004   162.45216802888180     
   1525.4353066119929       -4.3300698794629032E-008  -8.3946387297208669E-004   162.44433009586527     
   1535.4353066119929       -4.3050438629842833E-008  -8.3534118360364116E-004   162.43236716532061     
   1545.4353066119929       -4.2740697225712355E-008  -8.2927258406463502E-004   162.43236673791355     
   1555.4353066119929       -4.2472730468261941E-008  -8.2675578548061857E-004   162.42617881314607     
   1565.4353066119929       -4.3050688803052667E-008  -8.3201024410654704E-004   162.42205338263088     
   1575.4353066119929       -4.2660093608372632E-008  -8.2690490341306554E-004   162.40967795599036     
   1585.4353066119929       -4.4302459957225236E-008  -8.6048820074953306E-004   162.40844001309668     
   1595.4353066119929       -4.3979617611003565E-008  -8.5562760127596313E-004   162.40967707350765     
   1605.4353066119929       -4.0763028629760819E-008  -7.9563305022488004E-004   162.40678916587592     
   1615.4353066119929       -4.1852219534796814E-008  -8.1630872347120153E-004   162.39977624734357     
   1625.4353066119929       -4.2327704557696377E-008  -8.2473962266775645E-004   162.39152582403324     
   1635.4353066119929       -4.2204180904239537E-008  -8.2265518345418787E-004   162.38657540198545     
   1645.4353066119929       -4.2888226628152188E-008  -8.2941375710504032E-004   162.36677497303157     
   1655.4353066119929       -4.4643441862936914E-008  -8.6126394932669746E-004   162.34999952671180     
   1665.4353066119929       -4.3805132520807396E-008  -8.5010061203788392E-004   162.34711158878807     
   1675.4353066119929       -4.0576609204838300E-008  -7.9048378748974163E-004   162.34504868301866     
   1685.4353066119929       -4.1488594206439503E-008  -8.0857073300682027E-004   162.33886076809560     
   1695.4353066119929       -4.4278849679623586E-008  -8.5750867732113016E-004   162.32566032541084     
   1705.4353066119929       -4.1042353500003265E-008  -7.9942147798692524E-004   162.32277241498531     
   1715.4353066119929       -4.2380918540770021E-008  -8.2207046898429296E-004   162.30627199112413     
   1725.4353066119929       -4.1763734033270677E-008  -8.1335959416839010E-004   162.30627157348687     
   1735.4353066119929       -4.2669769033063044E-008  -8.2570881287651716E-004   162.28275864662839     
   1745.4353066119929       -4.4695372919786589E-008  -8.5882591263955271E-004   162.27574569978529     
   1755.4353066119929       -4.0702177979210364E-008  -7.8921951789622663E-004   162.27574529276370     
   1765.4353066119929       -4.1274005999457321E-008  -8.0146093971514613E-004   162.27093238001621     
   1775.4353066119929       -4.1583871466475661E-008  -8.0548999597954607E-004   162.26474446416225     
   1785.4353066119929       -4.1342215487378363E-008  -8.0296520454388909E-004   162.25814405073504     
   1795.4353066119929       -4.1770126719987723E-008  -8.0532416448818550E-004   162.23559363297110     
   1805.4353066119929       -4.4465647366021690E-008  -8.6054882841915948E-004   162.22899318843511     
   1815.4353066119929       -3.9938121303332159E-008  -7.7266803408174720E-004   162.21744278903867     
   1825.4353066119929       -4.2357670833909940E-008  -8.2173500327204873E-004   162.21455486559307     
   1835.4353066119929       -4.0256179434425160E-008  -7.7933956702390958E-004   162.19805446300279     
   1845.4353066119929       -4.0604017970808383E-008  -7.8763193758400675E-004   162.19117905694915     
   1855.4353066119929       -4.1145011443558334E-008  -7.9687817683616062E-004   162.18499114547996     
   1865.4353066119929       -4.0906906329818702E-008  -7.9260645528423605E-004   162.17880323638016     
   1875.4353066119929       -4.2644919898058192E-008  -8.2725020908324298E-004   162.17179031005023     
   1885.4353066119929       -3.9589715936642651E-008  -7.6941727734360142E-004   162.16436491413560     
   1895.4353066119929       -4.0192774481951750E-008  -7.8042219853526442E-004   162.15528951217590     
   1905.4353066119929       -4.0406592227077954E-008  -7.8345406016327968E-004   162.14703910810357     
   1915.4353066119929       -4.0820153378206170E-008  -7.8674530155460718E-004   162.13590119988851     
   1925.4353066119929       -4.0049494521688044E-008  -7.7824902637771550E-004   162.13438829938815     
   1935.4353066119929       -3.9953955329458379E-008  -7.7713026863174739E-004   162.13150039984566     
   1945.4353066119929       -3.9979020991683837E-008  -7.7604187657494674E-004   162.12283750003917     
   1955.4353066119929       -3.9613866569679285E-008  -7.7114602233873742E-004   162.11871210388065     
   1965.4353066119929       -3.9799400455103993E-008  -7.7282848540075489E-004   162.11087420587029     
   1975.4353066119929       -3.9503988737746523E-008  -7.6792243969026573E-004   162.10179881080583     
   1985.4353066119929       -3.9285203157926599E-008  -7.6431826679286010E-004   162.09891091794796     
   1995.4353066119929       -4.2789355392444848E-008  -8.3040245150826691E-004   162.09148549017837     
   2005.4353066119929       -3.7706852748883025E-008  -7.3403847152277569E-004   162.08818511310761     
   2015.4353066119929       -3.8287970430284951E-008  -7.4679728499044964E-004   162.08447223022586     
   2025.4353066119929       -3.8896457799126606E-008  -7.5549312450479676E-004   162.07415934124276     
   2035.4353066119929       -3.8748545427834412E-008  -7.5458612991718586E-004   162.06797145372431     
   2045.4353066119929       -3.9197539358130235E-008  -7.5680945922575714E-004   162.05765856174128     
   2055.4353066119929       -3.8521080359329604E-008  -7.4958115592856046E-004   162.05765817653042     
   2065.4353066119929       -3.8610617635175913E-008  -7.5065886475558156E-004   162.04363279039808     
   2075.4353066119929       -3.9078566793250944E-008  -7.5162767250754276E-004   162.02919489959899     
   2085.4353066119929       -4.0320463025723463E-008  -7.8192783939908688E-004   162.02135699650481     
   2095.4353066119929       -3.7258331830483080E-008  -7.2492464179877846E-004   162.02135662392141     
   2105.4353066119929       -3.7740096918226202E-008  -7.3504029737224668E-004   162.01723124651068     
   2115.4353066119929       -3.7956075352779124E-008  -7.3880972402156058E-004   162.00898086694468     
   2125.4353066119929       -3.8252439511723786E-008  -7.4286649167908635E-004   162.00100548440997     
   2135.4353066119929       -3.7779895319086822E-008  -7.3628752714942510E-004   161.99591760660454     
   2145.4353066119929       -3.7913947539059693E-008  -7.3739851652229673E-004   161.98037972742441     
   2155.4353066119929       -3.8047351944733353E-008  -7.3517381075740543E-004   161.96759184693630     
   2165.4353066119929       -3.7489228689977613E-008  -7.2930431884275641E-004   161.96387897203923     
   2175.4353066119929       -3.9698333777301006E-008  -7.7156096669365949E-004   161.95397857516849     
   2185.4353066119929       -3.6457312728311777E-008  -7.1072458987407529E-004   161.95397821059601     
   2195.4353066119929       -3.7146432504506329E-008  -7.2362691857429291E-004   161.93582783907536     
   2205.4353066119929       -3.7851757660995758E-008  -7.3254069599061004E-004   161.92963996053439     
   2215.4353066119929       -3.7823019503121540E-008  -7.2960703679242800E-004   161.91520208226427     
   2225.4353066119929       -3.7904106045036253E-008  -7.2831664817699310E-004   161.90076420317033     
   2235.4353066119929       -3.7059501545910397E-008  -7.1762372577015017E-004   161.89705133257186     
   2245.4353066119929       -3.6872542427523292E-008  -7.1568934336573714E-004   161.89003846383815     
   2255.4353066119929       -3.7092345219360940E-008  -7.1889276400712509E-004   161.88220059289870     
   2265.4353066119929       -3.6711004136460540E-008  -7.1281095400708885E-004   161.87601272576157     
   2275.4353066119929       -3.9225254680132567E-008  -7.5968469421872336E-004   161.87271233364132     
   2285.4353066119929       -3.5564364830008747E-008  -6.8924654894182312E-004   161.86652447798406     
   2295.4353066119929       -3.6064829335446171E-008  -7.0033785264025873E-004   161.85662411732628     
   2305.4353066119929       -3.6195950781263823E-008  -7.0398674143678933E-004   161.85084875536299     
   2315.4353066119929       -3.6140260867787201E-008  -7.0413333259262858E-004   161.85084839396049     
   2325.4353066119929       -3.8890164128834815E-008  -7.5704663059858554E-004   161.85208550526545     
   2335.4353066119929       -3.7418326070145633E-008  -7.2914277199072623E-004   161.85291013121463     
   2345.4353066119929       -3.5263991607367699E-008  -6.8886705263257009E-004   161.85167227857238     
   2355.4353066119929       -3.6039930536950360E-008  -7.0457423780749171E-004   161.85167191817399     
   2365.4353066119929       -3.6634299214416837E-008  -7.1408132272358352E-004   161.84342155182117     
   2375.4353066119929       -3.6849999106639859E-008  -7.1610129449845960E-004   161.82485868325037     
   2385.4353066119929       -3.7356597272506350E-008  -7.2067028633094926E-004   161.80918330964451     
   2395.4353066119929       -3.6583089237578676E-008  -7.1016754718458274E-004   161.79969544380583     
   2405.4353066119929       -3.6475493256170360E-008  -7.0755233365615421E-004   161.79350757904575     
   2415.4353066119929       -3.6149313873400671E-008  -7.0375620886480212E-004   161.79226971755182     
   2425.4353066119929       -3.6027037278634298E-008  -7.0227049330404611E-004   161.78938185727742     
   2435.4353066119929       -3.9095850439176121E-008  -7.5434906748850293E-004   161.77164396638861     
   2445.4353066119929       -3.5065775526308232E-008  -6.8105043820863007E-004   161.77164361573097     
   2455.4353066119929       -3.5859016012191844E-008  -6.9488957889261166E-004   161.75926825712810     
   2465.4353066119929       -3.5797211471328278E-008  -6.9597262346464362E-004   161.75720539915318     
   2475.4353066119929       -3.5737714848733591E-008  -6.9607920350588668E-004   161.75720504177622     
   2485.4353066119929       -3.5750016417415472E-008  -6.9639294742506353E-004   161.74647968424284     
   2495.4353066119929       -3.5854523841714278E-008  -6.9613556945767119E-004   161.74647932569741     
   2505.4353066119929       -3.5629426860790355E-008  -6.9417711960200021E-004   161.74235396938965     
   2515.4353066119929       -3.5670026543575343E-008  -6.9425278659413479E-004   161.73162861267392     
   2525.4353066119929       -3.5682076154931715E-008  -6.9415727824426112E-004   161.72750325584366     
   2535.4353066119929       -3.5772806625634929E-008  -6.9272703459172366E-004   161.71347789810412     
   2545.4353066119929       -3.5491519259033773E-008  -6.8826951726611496E-004   161.69326504313315     
   2555.4353066119929       -3.7380715207049198E-008  -7.2355640506758243E-004   161.69408966945900     
   2565.4353066119929       -3.4655228055434079E-008  -6.7165534146738232E-004   161.68143932289595     
   2575.4353066119929       -3.4897914271224977E-008  -6.7711466906689567E-004   161.67525147390504     
   2585.4353066119929       -3.4981570695287104E-008  -6.7978975467911389E-004   161.66700112406815     
   2595.4353066119929       -3.5078722422506827E-008  -6.8017857042890185E-004   161.65483202325939     
   2605.4353066119929       -3.4793517480720601E-008  -6.7648945980446269E-004   161.65359417532142     
   2615.4353066119929       -3.6781368990755044E-008  -7.1572353603590970E-004   161.65441880764038     
   2625.4353066119929       -3.3942708580058579E-008  -6.6050468167602099E-004   161.64383096819176     
   2635.4353066119929       -3.6569127516183856E-008  -7.1082039172370233E-004   161.63984310262563     
   2645.4353066119929       -3.6907893695640801E-008  -7.1915334503844404E-004   161.63695523367593     
   2655.4353066119929       -3.3731443164159384E-008  -6.5313639967293289E-004   161.62499239633772     
   2665.4353066119929       -3.4363331311727240E-008  -6.6899666511961253E-004   161.61509205267598     
   2675.4353066119929       -3.4832820025924820E-008  -6.7766171033991273E-004   161.60725420433008     
   2685.4353066119929       -3.5312155944761053E-008  -6.8387017670004072E-004   161.59199135117294     
   2695.4353066119929       -3.4977878470007774E-008  -6.7897047311132029E-004   161.58910350139220     
   2705.4353066119929       -3.4780527097635685E-008  -6.7717198957612727E-004   161.58497815356108     
   2715.4353066119929       -3.5179555034363103E-008  -6.8080932732487412E-004   161.57879030176471     
   2725.4353066119929       -3.5273344068189380E-008  -6.8017160034291430E-004   161.55857744898051     
   2735.4353066119929       -3.4503969868940564E-008  -6.6960769365195848E-004   161.55568960393731     
   2745.4353066119929       -3.4566548164489222E-008  -6.6922425011294441E-004   161.54950175827074     
   2755.4353066119929       -3.4278668720641277E-008  -6.6620283328601589E-004   161.54661391548359     
   2765.4353066119929       -3.4224475046212124E-008  -6.6556218612359003E-004   161.53685107321988     
   2775.4353066119929       -3.4178655912815072E-008  -6.6421922011306966E-004   161.53272573143093     
   2785.4353066119929       -3.4113287130415365E-008  -6.6238797229710412E-004   161.52653789028895     
   2795.4353066119929       -3.3937055990914731E-008  -6.5987274055147359E-004   161.52241255091644     
   2805.4353066119929       -3.3733623179161813E-008  -6.5721951533343327E-004   161.52241221358074     
   2815.4353066119929       -3.3664861783091842E-008  -6.5631284042518142E-004   161.51869937692493     
   2825.4353066119929       -3.3710412759848959E-008  -6.5683415458478867E-004   161.51127403980112     
   2835.4353066119929       -3.3468672846136450E-008  -6.5279643106648999E-004   161.51127370511546     
   2845.4353066119929       -3.3392279409416676E-008  -6.5158617386702712E-004   161.50302337115338     
   2855.4353066119929       -3.3474476141858641E-008  -6.5077172192562157E-004   161.50302303640851     
   2865.4353066119929       -3.3653624270423286E-008  -6.5246561128543110E-004   161.49477269986224     
   2875.4353066119929       -3.3144899980366178E-008  -6.4607284457808307E-004   161.49188486840896     
   2885.4353066119929       -3.3053129752196071E-008  -6.4493956277866641E-004   161.49188453787744     
   2895.4353066119929       -3.5371210513465973E-008  -6.9006246846944636E-004   161.49270918429778     
   2905.4353066119929       -3.2006080096311849E-008  -6.2447678049617973E-004   161.48858386423169     
   2915.4353066119929       -3.2774086820565570E-008  -6.3730990566497939E-004   161.47620853647089     
   2925.4353066119929       -3.2788493599434037E-008  -6.3953248031933135E-004   161.47620820858660     
   2935.4353066119929       -3.3415783581910113E-008  -6.4732476006623663E-004   161.46211412441446     
   2945.4353066119929       -3.2826961611442847E-008  -6.3986663484825426E-004   161.46211379614428     
   2955.4353066119929       -3.2974885428404213E-008  -6.4060015657829760E-004   161.45221346639499     
   2965.4353066119929       -3.2783713300537436E-008  -6.3858288818567416E-004   161.44478813855281     
   2975.4353066119929       -3.2743819062325376E-008  -6.3736256324565231E-004   161.43310031109615     
   2985.4353066119929       -3.2605082663718831E-008  -6.3500245907729329E-004   161.43309998504407     
   2995.4353066119929       -3.2640345929622214E-008  -6.3592977472464525E-004   161.42484965862911     
   3005.4353066119929       -3.2943935750763559E-008  -6.3895374340341819E-004   161.40917432916325     
   3015.4353066119929       -3.2913493204218922E-008  -6.3657944754694153E-004   161.39349900000829     
   3025.4353066119929       -3.2954576836780596E-008  -6.3494874881580578E-004   161.37204867043278     
   3035.4353066119929       -3.4301254444470188E-008  -6.6520843362424949E-004   161.37081082755250     
   3045.4353066119929       -3.1367773160058817E-008  -6.1006594401453388E-004   161.36971051387351     
   3055.4353066119929       -3.1804855661397540E-008  -6.1968503924087674E-004   161.36682269582295     
   3065.4353066119929       -3.1967162336237659E-008  -6.2334840304909640E-004   161.36682237615159     
   3075.4353066119929       -3.5415246001088731E-008  -6.8666196921924011E-004   161.35568452212331     
   3085.4353066119929       -3.0849995353905145E-008  -5.9947105654267687E-004   161.35293421362201     
   3095.4353066119929       -3.1821756753949433E-008  -6.1704865807137217E-004   161.33478389535952     
   3105.4353066119929       -3.1915990906852912E-008  -6.1964536599097195E-004   161.32735857619440     
   3115.4353066119929       -3.1875068721321659E-008  -6.2050266598159636E-004   161.32735825744325     
   3125.4353066119929       -3.1996011177349122E-008  -6.2154235678989786E-004   161.32117043747971     
   3135.4353066119929       -3.3846150189453767E-008  -6.5833630419103101E-004   161.31828259914371     
   3145.4353066119929       -3.3173824935212068E-008  -6.4495572693137990E-004   161.31498226753777     
   3155.4353066119929       -3.0586159506705777E-008  -5.9664198419176787E-004   161.31498196167615     
   3165.4353066119929       -3.1559454782343569E-008  -6.1427679584308823E-004   161.30013164606515     
   3175.4353066119929       -3.1752942917130133E-008  -6.1910045005930984E-004   161.30013132853674     
   3185.4353066119929       -3.1827415095093551E-008  -6.2108455289827853E-004   161.29806851026154     
   3195.4353066119929       -3.1887282049910937E-008  -6.2220943543442645E-004   161.29270569137768     
   3205.4353066119929       -3.1951331923441112E-008  -6.2298411856980993E-004   161.28734287185159     
   3215.4353066119929       -3.2078291822551380E-008  -6.2296056784503216E-004   161.27414255105887     
   3225.4353066119929       -3.1724559065641311E-008  -6.1867233997136314E-004   161.27414223381240     
   3235.4353066119929       -3.1691019587731610E-008  -6.1844245516105942E-004   161.27207941690040     
   3245.4353066119929       -3.1611073958316623E-008  -6.1734517110201693E-004   161.27207910078928     
   3255.4353066119929       -3.1560699037664181E-008  -6.1674779276923574E-004   161.27207878518206     
   3265.4353066119929       -3.1634558700334738E-008  -6.1762780534061943E-004   161.26382846882240     
   3275.4353066119929       -3.1753256720672118E-008  -6.1753100604770199E-004   161.25145315127071     
   3285.4353066119929       -3.2501590494923003E-008  -6.2552210742067012E-004   161.22505282621319     
   3295.4353066119929       -3.1493474411246244E-008  -6.1162153132008062E-004   161.21350251126995     
   3305.4353066119929       -3.1608417930706863E-008  -6.1258205773700547E-004   161.19493969513272     
   3315.4353066119929       -3.4287463348553925E-008  -6.5934428554725595E-004   161.18586435246030     
   3325.4353066119929       -3.0378606234067930E-008  -5.8954583465492473E-004   161.18283904867411     
   3335.4353066119929       -3.0857803404659248E-008  -6.0046503486142278E-004   161.18283874009504     
   3345.4353066119929       -3.1144308850272077E-008  -6.0581162825340345E-004   161.17871342865061     
   3355.4353066119929       -3.1231769300746268E-008  -6.0692895530987587E-004   161.17128811632023     
   3365.4353066119929       -3.1388050735774017E-008  -6.0873878877644558E-004   161.16221280240859     
   3375.4353066119929       -3.1017447174448857E-008  -6.0348253993222785E-004   161.16221249223437     
   3385.4353066119929       -3.0927106306922194E-008  -6.0240084300505249E-004   161.16221218296303     
   3395.4353066119929       -3.1587652230410617E-008  -6.0674249345174882E-004   161.14158686701123     
   3405.4353066119929       -3.1020839174310548E-008  -5.9953194806896583E-004   161.13539905679013     
   3415.4353066119929       -3.0751928294835466E-008  -5.9648897602158663E-004   161.13539874927054     
   3425.4353066119929       -3.0879755214920602E-008  -5.9754220735539615E-004   161.12714844045840     
   3435.4353066119929       -3.0552231405578214E-008  -5.9329184210372054E-004   161.12714813493636     
   3445.4353066119929       -3.0630400074890364E-008  -5.9432997402933071E-004   161.11559782862173     
   3455.4353066119929       -3.0386966174158036E-008  -5.9075481510746446E-004   161.11559752475208     
   3465.4353066119929       -3.0288311999367458E-008  -5.8939509253868260E-004   161.11188472186114     
   3475.4353066119929       -3.0195848699783342E-008  -5.8796352704483187E-004   161.11188441990265     
   3485.4353066119929       -3.0193104511649859E-008  -5.8789769357018749E-004   161.10775911796520     
   3495.4353066119929       -3.0081116988107556E-008  -5.8623523121805582E-004   161.10775881715418     
   3505.4353066119929       -3.0334282502187533E-008  -5.8872194976296755E-004   161.09455851379744     
   3515.4353066119929       -3.0006317171693449E-008  -5.8429481567234354E-004   161.09332071373353     
   3525.4353066119929       -3.0017894694818126E-008  -5.8433183798101617E-004   161.08177041354318     
   3535.4353066119929       -2.9898626654667240E-008  -5.8259246711719263E-004   161.08177011455686     
   3545.4353066119929       -3.2198135483263764E-008  -6.2695964122962545E-004   161.07681979270197     
   3555.4353066119929       -2.9160300083717984E-008  -5.6538235891865826E-004   161.06856950108934     
   3565.4353066119929       -2.9526126988537302E-008  -5.7442484267274032E-004   161.06238170581611     
   3575.4353066119929       -2.9796117880327422E-008  -5.7960651958905763E-004   161.05825640785153     
   3585.4353066119929       -2.9841486909590868E-008  -5.8094835986811097E-004   161.05413110943394     
   3592.7176533059965       -3.0651428259616470E-008  -5.9493789548260097E-004   161.05413088621972     
   3600.0000000000000       -2.9654968760316778E-008  -5.7487853057109760E-004   161.04175567024930     
