north:          10.00000000
south:           0.00000000
east:           10.00000000
west:            0.00000000
rows:     20
cols:     20
   0.240039997101E+02   0.240039997101E+02   0.240039997101E+02   0.240039997101E+02   0.240039997101E+02   0.240039997101E+02   0.240039997101E+02   0.240039997101E+02   0.240039997101E+02   0.240039997101E+02   0.240039997101E+02   0.240039997101E+02   0.240039997101E+02   0.240039997101E+02   0.240039997101E+02   0.240039997101E+02   0.240039997101E+02   0.240039997101E+02   0.240039997101E+02   0.240039997101E+02
   0.240039997101E+02   0.240039997101E+02   0.240039997101E+02   0.240039997101E+02   0.240039997101E+02   0.240039997101E+02   0.240039997101E+02   0.240039997101E+02   0.240039997101E+02   0.240039997101E+02   0.240039997101E+02   0.240039997101E+02   0.240039997101E+02   0.240039997101E+02   0.240039997101E+02   0.240039997101E+02   0.240039997101E+02   0.240039997101E+02   0.240039997101E+02   0.240039997101E+02
   0.240039997101E+02   0.240039997101E+02   0.240039997101E+02   0.240039997101E+02   0.240039997101E+02   0.240039997101E+02   0.240039997101E+02   0.240039997101E+02   0.240039997101E+02   0.240039997101E+02   0.240039997101E+02   0.240039997101E+02   0.240039997101E+02   0.240039997101E+02   0.240039997101E+02   0.240039997101E+02   0.240039997101E+02   0.240039997101E+02   0.240039997101E+02   0.240039997101E+02
   0.240039997101E+02   0.240039997101E+02   0.240039997101E+02   0.240039997101E+02   0.240039997101E+02   0.240039997101E+02   0.240039997101E+02   0.240039997101E+02   0.240039997101E+02   0.240039997101E+02   0.240039997101E+02   0.240039997101E+02   0.240039997101E+02   0.240039997101E+02   0.240039997101E+02   0.240039997101E+02   0.240039997101E+02   0.240039997101E+02   0.240039997101E+02   0.240039997101E+02
   0.240039997101E+02   0.240039997101E+02   0.240039997101E+02   0.240039997101E+02   0.240039997101E+02   0.240039997101E+02   0.240039997101E+02   0.240039997101E+02   0.240039997101E+02   0.240039997101E+02   0.240039997101E+02   0.240039997101E+02   0.240039997101E+02   0.240039997101E+02   0.240039997101E+02   0.240039997101E+02   0.240039997101E+02   0.240039997101E+02   0.240039997101E+02   0.240039997101E+02
   0.240039997101E+02   0.240039997101E+02   0.240039997101E+02   0.240039997101E+02   0.240039997101E+02   0.240039997101E+02   0.240039997101E+02   0.240039997101E+02   0.240039997101E+02   0.240039997101E+02   0.240039997101E+02   0.240039997101E+02   0.240039997101E+02   0.240039997101E+02   0.240039997101E+02   0.240039997101E+02   0.240039997101E+02   0.240039997101E+02   0.240039997101E+02   0.240039997101E+02
   0.240039997101E+02   0.240039997101E+02   0.240039997101E+02   0.240039997101E+02   0.240039997101E+02   0.240039997101E+02   0.240039997101E+02   0.240039997101E+02   0.240039997101E+02   0.240039997101E+02   0.240039997101E+02   0.240039997101E+02   0.240039997101E+02   0.240039997101E+02   0.240039997101E+02   0.240039997101E+02   0.240039997101E+02   0.240039997101E+02   0.240039997101E+02   0.240039997101E+02
   0.240039997101E+02   0.240039997101E+02   0.240039997101E+02   0.240039997101E+02   0.240039997101E+02   0.240039997101E+02   0.240039997101E+02   0.240039997101E+02   0.240039997101E+02   0.240039997101E+02   0.240039997101E+02   0.240039997101E+02   0.240039997101E+02   0.240039997101E+02   0.240039997101E+02   0.240039997101E+02   0.240039997101E+02   0.240039997101E+02   0.240039997101E+02   0.240039997101E+02
   0.240039997101E+02   0.240039997101E+02   0.240039997101E+02   0.240039997101E+02   0.240039997101E+02   0.240039997101E+02   0.240039997101E+02   0.240039997101E+02   0.240039997101E+02   0.240039997101E+02   0.240039997101E+02   0.240039997101E+02   0.240039997101E+02   0.240039997101E+02   0.240039997101E+02   0.240039997101E+02   0.240039997101E+02   0.240039997101E+02   0.240039997101E+02   0.240039997101E+02
   0.240039997101E+02   0.240039997101E+02   0.240039997101E+02   0.240039997101E+02   0.240039997101E+02   0.240039997101E+02   0.240039997101E+02   0.240039997101E+02   0.240039997101E+02   0.240039997101E+02   0.240039997101E+02   0.240039997101E+02   0.240039997101E+02   0.240039997101E+02   0.240039997101E+02   0.240039997101E+02   0.240039997101E+02   0.240039997101E+02   0.240039997101E+02   0.240039997101E+02
   0.240039997101E+02   0.240039997101E+02   0.240039997101E+02   0.240039997101E+02   0.240039997101E+02   0.240039997101E+02   0.240039997101E+02   0.240039997101E+02   0.240039997101E+02   0.240039997101E+02   0.240039997101E+02   0.240039997101E+02   0.240039997101E+02   0.240039997101E+02   0.240039997101E+02   0.240039997101E+02   0.240039997101E+02   0.240039997101E+02   0.240039997101E+02   0.240039997101E+02
   0.240039997101E+02   0.240039997101E+02   0.240039997101E+02   0.240039997101E+02   0.240039997101E+02   0.240039997101E+02   0.240039997101E+02   0.240039997101E+02   0.240039997101E+02   0.240039997101E+02   0.240039997101E+02   0.240039997101E+02   0.240039997101E+02   0.240039997101E+02   0.240039997101E+02   0.240039997101E+02   0.240039997101E+02   0.240039997101E+02   0.240039997101E+02   0.240039997101E+02
   0.240039997101E+02   0.240039997101E+02   0.240039997101E+02   0.240039997101E+02   0.240039997101E+02   0.240039997101E+02   0.240039997101E+02   0.240039997101E+02   0.240039997101E+02   0.240039997101E+02   0.240039997101E+02   0.240039997101E+02   0.240039997101E+02   0.240039997101E+02   0.240039997101E+02   0.240039997101E+02   0.240039997101E+02   0.240039997101E+02   0.240039997101E+02   0.240039997101E+02
   0.240039997101E+02   0.240039997101E+02   0.240039997101E+02   0.240039997101E+02   0.240039997101E+02   0.240039997101E+02   0.240039997101E+02   0.240039997101E+02   0.240039997101E+02   0.240039997101E+02   0.240039997101E+02   0.240039997101E+02   0.240039997101E+02   0.240039997101E+02   0.240039997101E+02   0.240039997101E+02   0.240039997101E+02   0.240039997101E+02   0.240039997101E+02   0.240039997101E+02
   0.240039997101E+02   0.240039997101E+02   0.240039997101E+02   0.240039997101E+02   0.240039997101E+02   0.240039997101E+02   0.240039997101E+02   0.240039997101E+02   0.240039997101E+02   0.240039997101E+02   0.240039997101E+02   0.240039997101E+02   0.240039997101E+02   0.240039997101E+02   0.240039997101E+02   0.240039997101E+02   0.240039997101E+02   0.240039997101E+02   0.240039997101E+02   0.240039997101E+02
   0.240039997101E+02   0.240039997101E+02   0.240039997101E+02   0.240039997101E+02   0.240039997101E+02   0.240039997101E+02   0.240039997101E+02   0.240039997101E+02   0.240039997101E+02   0.240039997101E+02   0.240039997101E+02   0.240039997101E+02   0.240039997101E+02   0.240039997101E+02   0.240039997101E+02   0.240039997101E+02   0.240039997101E+02   0.240039997101E+02   0.240039997101E+02   0.240039997101E+02
   0.240039997101E+02   0.240039997101E+02   0.240039997101E+02   0.240039997101E+02   0.240039997101E+02   0.240039997101E+02   0.240039997101E+02   0.240039997101E+02   0.240039997101E+02   0.240039997101E+02   0.240039997101E+02   0.240039997101E+02   0.240039997101E+02   0.240039997101E+02   0.240039997101E+02   0.240039997101E+02   0.240039997101E+02   0.240039997101E+02   0.240039997101E+02   0.240039997101E+02
   0.240039997101E+02   0.240039997101E+02   0.240039997101E+02   0.240039997101E+02   0.240039997101E+02   0.240039997101E+02   0.240039997101E+02   0.240039997101E+02   0.240039997101E+02   0.240039997101E+02   0.240039997101E+02   0.240039997101E+02   0.240039997101E+02   0.240039997101E+02   0.240039997101E+02   0.240039997101E+02   0.240039997101E+02   0.240039997101E+02   0.240039997101E+02   0.240039997101E+02
   0.240039997101E+02   0.240039997101E+02   0.240039997101E+02   0.240039997101E+02   0.240039997101E+02   0.240039997101E+02   0.240039997101E+02   0.240039997101E+02   0.240039997101E+02   0.240039997101E+02   0.240039997101E+02   0.240039997101E+02   0.240039997101E+02   0.240039997101E+02   0.240039997101E+02   0.240039997101E+02   0.240039997101E+02   0.240039997101E+02   0.240039997101E+02   0.240039997101E+02
   0.240039997101E+02   0.240039997101E+02   0.240039997101E+02   0.240039997101E+02   0.240039997101E+02   0.240039997101E+02   0.240039997101E+02   0.240039997101E+02   0.240039997101E+02   0.240039997101E+02   0.240039997101E+02   0.240039997101E+02   0.240039997101E+02   0.240039997101E+02   0.240039997101E+02   0.240039997101E+02   0.240039997101E+02   0.240039997101E+02   0.240039997101E+02   0.240039997101E+02
