#       2
#          TIME              381             441
  1.00000000E-02   0.000000E+000   0.000000E+000
  1.50000000E-02   9.028212E-010   0.000000E+000
  2.05000000E-02   1.710515E-009   3.081750E-011
  2.65500000E-02   2.705361E-009   6.982956E-011
  3.26000000E-02   3.787798E-009   1.172995E-010
  3.86500000E-02   4.950654E-009   1.691207E-010
  4.47000000E-02   6.181422E-009   2.280727E-010
  4.77250000E-02   6.826876E-009   2.908864E-010
  5.10525000E-02   7.546340E-009   3.239660E-010
  5.47127500E-02   8.360880E-009   3.611755E-010
  5.83730000E-02   9.199680E-009   4.030909E-010
  6.23992750E-02   1.014498E-008   4.460155E-010
  6.64255500E-02   1.111377E-008   4.942493E-010
  7.04518250E-02   1.210316E-008   5.435493E-010
  7.44781000E-02   1.311152E-008   5.938162E-010
  7.85043750E-02   1.413867E-008   6.449865E-010
  8.25306500E-02   1.518440E-008   6.970051E-010
  8.65569250E-02   1.624811E-008   7.498218E-010
  9.05832000E-02   1.732939E-008   8.033916E-010
  9.46094750E-02   1.842822E-008   8.576733E-010
  9.86357500E-02   1.954397E-008   9.126295E-010
  1.03064652E-01   2.078881E-008   9.682258E-010
  1.07493555E-01   2.205125E-008   1.030053E-009
  1.11922457E-01   2.333028E-008   1.092660E-009
  1.16351360E-01   2.462607E-008   1.155930E-009
  1.20780262E-01   2.593800E-008   1.219830E-009
  1.25209165E-01   2.726597E-008   1.284330E-009
  1.29638067E-01   2.860979E-008   1.349403E-009
  1.34066970E-01   2.996958E-008   1.415021E-009
  1.38495872E-01   3.134496E-008   1.481160E-009
  1.42924775E-01   3.273618E-008   1.547798E-009
  1.47353677E-01   3.414291E-008   1.614913E-009
  1.51782580E-01   3.556243E-008   1.682484E-009
  1.56211482E-01   3.699523E-008   1.750494E-009
  1.60640385E-01   3.844109E-008   1.818923E-009
  1.65512178E-01   4.004477E-008   1.887756E-009
  1.70383970E-01   4.166373E-008   1.963901E-009
  1.75255763E-01   4.329665E-008   2.040666E-009
  1.80127556E-01   4.494330E-008   2.117856E-009
  1.85486528E-01   4.677194E-008   2.195534E-009
  1.90845500E-01   4.861674E-008   2.284077E-009
  1.96740369E-01   5.066388E-008   2.373086E-009
  2.02635239E-01   5.272892E-008   2.471493E-009
  2.08530108E-01   5.480978E-008   2.570471E-009
  2.14424977E-01   5.690691E-008   2.669958E-009
  2.20319846E-01   5.902023E-008   2.769935E-009
  2.26214715E-01   6.114808E-008   2.870380E-009
  2.32109585E-01   6.329141E-008   2.971276E-009
  2.38004454E-01   6.544806E-008   3.072603E-009
  2.43899323E-01   6.761796E-008   3.174345E-009
  2.49794192E-01   6.980146E-008   3.276483E-009
  2.55689062E-01   7.199777E-008   3.379002E-009
  2.62173418E-01   7.442834E-008   3.481888E-009
  2.68657774E-01   7.687361E-008   3.595453E-009
  2.75142130E-01   7.933354E-008   3.709609E-009
  2.82274922E-01   8.205413E-008   3.825811E-009
  2.89407714E-01   8.479035E-008   3.954220E-009
  2.96540505E-01   8.754072E-008   4.083176E-009
  3.04386576E-01   9.058079E-008   4.212623E-009
  3.12232647E-01   9.363655E-008   4.355531E-009
  3.20078718E-01   9.670631E-008   4.499004E-009
  3.28709396E-01   1.000982E-007   4.642973E-009
  3.37340074E-01   1.035075E-007   4.801862E-009
  3.46833820E-01   1.072743E-007   4.961326E-009
  3.56327566E-01   1.110570E-007   5.137291E-009
  3.65821312E-01   1.148545E-007   5.313866E-009
  3.75315058E-01   1.186659E-007   5.490957E-009
  3.85758178E-01   1.228753E-007   5.668547E-009
  3.96201298E-01   1.271006E-007   5.864452E-009
  4.07688731E-01   1.317635E-007   6.060915E-009
  4.20324907E-01   1.369100E-007   6.277550E-009
  4.34224700E-01   1.425911E-007   6.516501E-009
  4.48124493E-01   1.482914E-007   6.780063E-009
  4.63414266E-01   1.545813E-007   7.044305E-009
  4.80233016E-01   1.615216E-007   7.335600E-009
  4.98733640E-01   1.691809E-007   7.656795E-009
  5.17234265E-01   1.768628E-007   8.010930E-009
  5.37584953E-01   1.853332E-007   8.365804E-009
  5.59970709E-01   1.946723E-007   8.756823E-009
  5.82356465E-01   2.040322E-007   9.187749E-009
  6.04742221E-01   2.134087E-007   9.619354E-009
  6.29366553E-01   2.237422E-007   1.005141E-008
  6.53990884E-01   2.340903E-007   1.052715E-008
  6.81077649E-01   2.454872E-007   1.100339E-008
  7.10873091E-01   2.580389E-007   1.152764E-008
  7.40668532E-01   2.706013E-007   1.210487E-008
  7.73443517E-01   2.844325E-007   1.268246E-008
  8.09496001E-01   2.996587E-007   1.331805E-008
  8.49153734E-01   3.164181E-007   1.401764E-008
  8.92777239E-01   3.348630E-007   1.478759E-008
  9.40763096E-01   3.551614E-007   1.563490E-008
  9.93547538E-01   3.775002E-007   1.656726E-008
  1.04633198E+00   3.998361E-007   1.759310E-008
  1.10439487E+00   4.244082E-007   1.861873E-008
  1.16245775E+00   4.489737E-007   1.974674E-008
  1.22632693E+00   4.759962E-007   2.087439E-008
  1.29019610E+00   5.030085E-007   2.211456E-008
  1.36045219E+00   5.327227E-007   2.335425E-008
  1.43773389E+00   5.654115E-007   2.471760E-008
  1.51501560E+00   5.980834E-007   2.621744E-008
  1.60002547E+00   6.340214E-007   2.771653E-008
  1.68503534E+00   6.699400E-007   2.936517E-008
  1.77854620E+00   7.094498E-007   3.101294E-008
  1.87205706E+00   7.489380E-007   3.282513E-008
  1.97491900E+00   7.923779E-007   3.463631E-008
  2.08806714E+00   8.401702E-007   3.662828E-008
  2.21253009E+00   8.927471E-007   3.881985E-008
  2.34943934E+00   9.505880E-007   4.123100E-008
  2.48634859E+00   1.008383E-006   4.388372E-008
  2.63694876E+00   1.071964E-006   4.653417E-008
  2.80260895E+00   1.141917E-006   4.944943E-008
  2.98483516E+00   1.218888E-006   5.265701E-008
  3.16706137E+00   1.295795E-006   5.618626E-008
  3.36751020E+00   1.380414E-006   5.971165E-008
  3.56795903E+00   1.464954E-006   6.358977E-008
  3.78845274E+00   1.557977E-006   6.746341E-008
  4.03099583E+00   1.660348E-006   7.172497E-008
  4.27353891E+00   1.762605E-006   7.641487E-008
  4.54033630E+00   1.875135E-006   8.109852E-008
  4.83381344E+00   1.998993E-006   8.625201E-008
  5.12729057E+00   2.122687E-006   9.192442E-008
  5.45011541E+00   2.258841E-006   9.758649E-008
  5.77294026E+00   2.394819E-006   1.038178E-007
  6.12804759E+00   2.544522E-006   1.100394E-007
  6.48315492E+00   2.694009E-006   1.168875E-007
  6.87377298E+00   2.858593E-006   1.237237E-007
  7.30345285E+00   3.039842E-006   1.312495E-007
  7.73313272E+00   3.220798E-006   1.395380E-007
  8.20578058E+00   3.420109E-006   1.478100E-007
  8.72569322E+00   3.639718E-006   1.569194E-007
  9.29759713E+00   3.881693E-006   1.669554E-007
  9.86950103E+00   4.123160E-006   1.780141E-007
  1.04985953E+01   4.389252E-006   1.890445E-007
  1.11905991E+01   4.682588E-006   2.011999E-007
  1.19518032E+01   5.006060E-006   2.146016E-007
  1.27891277E+01   5.362839E-006   2.293815E-007
  1.37101846E+01   5.756480E-006   2.456865E-007
  1.47233473E+01   6.191047E-006   2.636808E-007
  1.57365099E+01   6.624208E-006   2.835477E-007
  1.68509889E+01   7.102558E-006   3.033352E-007
  1.80769157E+01   7.631131E-006   3.251951E-007
  1.94254352E+01   8.215486E-006   3.493622E-007
  2.07739547E+01   8.797394E-006   3.760981E-007
  2.22573261E+01   9.441158E-006   4.027062E-007
  2.37406975E+01   1.008213E-005   4.321670E-007
  2.52240690E+01   1.072044E-005   4.614787E-007
  2.68557776E+01   1.142785E-005   4.906415E-007
  2.86506570E+01   1.221239E-005   5.230086E-007
  3.04455365E+01   1.299340E-005   5.589683E-007
  3.24199039E+01   1.386021E-005   5.947275E-007
  3.45917080E+01   1.482400E-005   6.344640E-007
  3.69806925E+01   1.589759E-005   6.786986E-007
  3.96085755E+01   1.709561E-005   7.279984E-007
  4.24992468E+01   1.843492E-005   7.830427E-007
  4.56789853E+01   1.993641E-005   8.446293E-007
  4.91766975E+01   2.162435E-005   9.137057E-007
  5.26744098E+01   2.330349E-005   9.914017E-007
  5.61721221E+01   2.497591E-005   1.068253E-006
  6.00196056E+01   2.686596E-005   1.144305E-006
  6.42518374E+01   2.901070E-005   1.230166E-006
  6.84840693E+01   3.114786E-005   1.327495E-006
  7.27163011E+01   3.327935E-005   1.423540E-006
  7.73717562E+01   3.571203E-005   1.518325E-006
  8.24927567E+01   3.850625E-005   1.626302E-006
  8.76137572E+01   4.129616E-005   1.750051E-006
  9.32468578E+01   4.452792E-005   1.871659E-006
  9.94432685E+01   4.831224E-005   2.012094E-006
  1.06259320E+02   5.281736E-005   2.175852E-006
  1.13756977E+02   5.830425E-005   2.369318E-006
  1.22004400E+02   6.235383E-005   2.678837E-006
  1.30251822E+02   6.638273E-005   2.830437E-006
  1.39323987E+02   7.099499E-005   2.989521E-006
  1.48396152E+02   7.557465E-005   3.155385E-006
  1.58375533E+02   8.085680E-005   3.329479E-006
  1.68354915E+02   8.607961E-005   3.510907E-006
  1.78354915E+02   9.124440E-005   3.686955E-006
  1.88354915E+02   9.631720E-005   3.857804E-006
  1.98354915E+02   1.012819E-004   4.023286E-006
  2.08354915E+02   1.061285E-004   4.182742E-006
  2.18354915E+02   1.108463E-004   4.337167E-006
  2.28354915E+02   1.154293E-004   4.487760E-006
  2.38354915E+02   1.198709E-004   4.633997E-006
  2.48354915E+02   1.241669E-004   4.774946E-006
  2.58354915E+02   1.283183E-004   4.911194E-006
  2.68354915E+02   1.323230E-004   5.043934E-006
  2.78354915E+02   1.361815E-004   5.172864E-006
  2.88354915E+02   1.398927E-004   5.297915E-006
  2.98354915E+02   1.434609E-004   5.419147E-006
  3.08354915E+02   1.468811E-004   5.536653E-006
  3.18354915E+02   1.501622E-004   5.651053E-006
  3.28354915E+02   1.527508E-004   5.768992E-006
  3.38354915E+02   1.552465E-004   5.859538E-006
  3.48354915E+02   1.576526E-004   5.947679E-006
  3.58354915E+02   1.599722E-004   6.033477E-006
  3.68354915E+02   1.622086E-004   6.116993E-006
  3.78354915E+02   1.643630E-004   6.198267E-006
  3.88354915E+02   1.664405E-004   6.277370E-006
  3.98354915E+02   1.684430E-004   6.354376E-006
  4.08354915E+02   1.703725E-004   6.429354E-006
  4.18354915E+02   1.722296E-004   6.502366E-006
  4.28354915E+02   1.740192E-004   6.573468E-006
  4.38354915E+02   1.757429E-004   6.642710E-006
  4.48354915E+02   1.774032E-004   6.710143E-006
  4.58354915E+02   1.789979E-004   6.775803E-006
  4.68354915E+02   1.805356E-004   6.839745E-006
  4.78354915E+02   1.820123E-004   6.901973E-006
  4.88354915E+02   1.834350E-004   6.962557E-006
  4.98354915E+02   1.848027E-004   7.021424E-006
  5.08354915E+02   1.861185E-004   7.078712E-006
  5.18354915E+02   1.873835E-004   7.134507E-006
  5.28354915E+02   1.885994E-004   7.188810E-006
  5.38354915E+02   1.897651E-004   7.241641E-006
  5.48354915E+02   1.908860E-004   7.293030E-006
  5.58354915E+02   1.919629E-004   7.343008E-006
  5.68354915E+02   1.929967E-004   7.391607E-006
  5.78354915E+02   1.939893E-004   7.438857E-006
  5.88354915E+02   1.949360E-004   7.481944E-006
  5.98354915E+02   1.958461E-004   7.523849E-006
  6.08354915E+02   1.967193E-004   7.565979E-006
  6.18354915E+02   1.975559E-004   7.607523E-006
  6.28354915E+02   1.983582E-004   7.648086E-006
  6.38354915E+02   1.991280E-004   7.687524E-006
  6.48354915E+02   1.998655E-004   7.725796E-006
  6.58354915E+02   2.005725E-004   7.763047E-006
  6.68354915E+02   2.012499E-004   7.799279E-006
  6.78354915E+02   2.018948E-004   7.834386E-006
  6.88354915E+02   2.025123E-004   7.868395E-006
  6.98354915E+02   2.031019E-004   7.901340E-006
  7.08354915E+02   2.036669E-004   7.933257E-006
  7.18354915E+02   2.042075E-004   7.964171E-006
  7.28354915E+02   2.047239E-004   7.994108E-006
  7.38354915E+02   2.052167E-004   8.023094E-006
  7.48354915E+02   2.056849E-004   8.051126E-006
  7.58354915E+02   2.061311E-004   8.078254E-006
  7.68354915E+02   2.065561E-004   8.104512E-006
  7.78354915E+02   2.069604E-004   8.129915E-006
  7.88354915E+02   2.073467E-004   8.154481E-006
  7.98354915E+02   2.077142E-004   8.178232E-006
  8.08354915E+02   2.080630E-004   8.201186E-006
  8.18354915E+02   2.083921E-004   8.223352E-006
  8.28354915E+02   2.087041E-004   8.244749E-006
  8.38354915E+02   2.089992E-004   8.265405E-006
  8.48354915E+02   2.092778E-004   8.285342E-006
  8.58354915E+02   2.095403E-004   8.304577E-006
  8.68354915E+02   2.097872E-004   8.323124E-006
  8.78354915E+02   2.100195E-004   8.341001E-006
  8.88354915E+02   2.102381E-004   8.358224E-006
  8.98354915E+02   2.104447E-004   8.374808E-006
  9.08354915E+02   2.106370E-004   8.390688E-006
  9.18354915E+02   2.108179E-004   8.405945E-006
  9.28354915E+02   2.109879E-004   8.420627E-006
  9.38354915E+02   2.111461E-004   8.434729E-006
  9.48354915E+02   2.112865E-004   8.448253E-006
  9.58354915E+02   2.114184E-004   8.461212E-006
  9.68354915E+02   2.115382E-004   8.473613E-006
  9.78354915E+02   2.116474E-004   8.484995E-006
  9.88354915E+02   2.117471E-004   8.495822E-006
  9.98354915E+02   2.118371E-004   8.506298E-006
  1.00835491E+03   2.119175E-004   8.516311E-006
  1.01835491E+03   2.119865E-004   8.525819E-006
  1.02835491E+03   2.120460E-004   8.534790E-006
  1.03835491E+03   2.120974E-004   8.543247E-006
  1.04835491E+03   2.121393E-004   8.551204E-006
  1.05835491E+03   2.121738E-004   8.558666E-006
  1.06835491E+03   2.122005E-004   8.565639E-006
  1.07835491E+03   2.122145E-004   8.572123E-006
  1.08835491E+03   2.122226E-004   8.578134E-006
  1.09835491E+03   2.122237E-004   8.583686E-006
  1.10835491E+03   2.122173E-004   8.588784E-006
  1.11835491E+03   2.122033E-004   8.593435E-006
  1.12835491E+03   2.121818E-004   8.597651E-006
  1.13835491E+03   2.121530E-004   8.601442E-006
  1.14835491E+03   2.121169E-004   8.604817E-006
  1.15835491E+03   2.120696E-004   8.607785E-006
  1.16835491E+03   2.120173E-004   8.610360E-006
  1.17835491E+03   2.119596E-004   8.612555E-006
  1.18835491E+03   2.118974E-004   8.614379E-006
  1.19835491E+03   2.118308E-004   8.615844E-006
  1.20835491E+03   2.117593E-004   8.616956E-006
  1.21835491E+03   2.116835E-004   8.617725E-006
  1.22835491E+03   2.116040E-004   8.618160E-006
  1.23835491E+03   2.115205E-004   8.618261E-006
  1.24835491E+03   2.114327E-004   8.618012E-006
  1.25835491E+03   2.113407E-004   8.617424E-006
  1.26835491E+03   2.112445E-004   8.616517E-006
  1.27835491E+03   2.111443E-004   8.615313E-006
  1.28835491E+03   2.110403E-004   8.613831E-006
  1.29835491E+03   2.109330E-004   8.612244E-006
  1.30835491E+03   2.108211E-004   8.611093E-006
  1.31835491E+03   2.107071E-004   8.609711E-006
  1.32835491E+03   2.105918E-004   8.608117E-006
  1.33835491E+03   2.104725E-004   8.606771E-006
  1.34835491E+03   2.103521E-004   8.605242E-006
  1.35835491E+03   2.102301E-004   8.603530E-006
  1.36835491E+03   2.101068E-004   8.601639E-006
  1.37835491E+03   2.099811E-004   8.599575E-006
  1.38835491E+03   2.098509E-004   8.597334E-006
  1.39835491E+03   2.097190E-004   8.594926E-006
  1.40835491E+03   2.095851E-004   8.592358E-006
  1.41835491E+03   2.094489E-004   8.589634E-006
  1.42835491E+03   2.093104E-004   8.586757E-006
  1.43835491E+03   2.091712E-004   8.583730E-006
  1.44835491E+03   2.090299E-004   8.580558E-006
  1.45835491E+03   2.088866E-004   8.577244E-006
  1.46835491E+03   2.087413E-004   8.573792E-006
  1.47835491E+03   2.085946E-004   8.570203E-006
  1.48835491E+03   2.084470E-004   8.566482E-006
  1.49835491E+03   2.082978E-004   8.562631E-006
  1.50835491E+03   2.081469E-004   8.558654E-006
  1.51835491E+03   2.079943E-004   8.554553E-006
  1.52835491E+03   2.078401E-004   8.550331E-006
  1.53835491E+03   2.076843E-004   8.545992E-006
  1.54835491E+03   2.075237E-004   8.541540E-006
  1.55835491E+03   2.073633E-004   8.536980E-006
  1.56835491E+03   2.072003E-004   8.532315E-006
  1.57835491E+03   2.070373E-004   8.527547E-006
  1.58835491E+03   2.068735E-004   8.522679E-006
  1.59835491E+03   2.067075E-004   8.517715E-006
  1.60835491E+03   2.065363E-004   8.512472E-006
  1.61835491E+03   2.063665E-004   8.507121E-006
  1.62835491E+03   2.061974E-004   8.501745E-006
  1.63835491E+03   2.060282E-004   8.496294E-006
  1.64835491E+03   2.058582E-004   8.490746E-006
  1.65835491E+03   2.056855E-004   8.485084E-006
  1.66835491E+03   2.055128E-004   8.479317E-006
  1.67835491E+03   2.053402E-004   8.473452E-006
  1.68835491E+03   2.051679E-004   8.467488E-006
  1.69835491E+03   2.049950E-004   8.461424E-006
  1.70835491E+03   2.048198E-004   8.455227E-006
  1.71835491E+03   2.046445E-004   8.448929E-006
  1.72835491E+03   2.044687E-004   8.442546E-006
  1.73835491E+03   2.042928E-004   8.436072E-006
  1.74835491E+03   2.041164E-004   8.429504E-006
  1.75835491E+03   2.039392E-004   8.422842E-006
  1.76835491E+03   2.037568E-004   8.416087E-006
  1.77835491E+03   2.035757E-004   8.409243E-006
  1.78835491E+03   2.033925E-004   8.402310E-006
  1.79835491E+03   2.032097E-004   8.395291E-006
  1.80835491E+03   2.030266E-004   8.388190E-006
  1.81835491E+03   2.028429E-004   8.381008E-006
  1.82835491E+03   2.026584E-004   8.373745E-006
  1.83835491E+03   2.024698E-004   8.366403E-006
  1.84835491E+03   2.022818E-004   8.358986E-006
  1.85835491E+03   2.020936E-004   8.351497E-006
  1.86835491E+03   2.019048E-004   8.343938E-006
  1.87835491E+03   2.017152E-004   8.336310E-006
  1.88835491E+03   2.015256E-004   8.328614E-006
  1.89835491E+03   2.013358E-004   8.320854E-006
  1.90835491E+03   2.011453E-004   8.313031E-006
  1.91835491E+03   2.009523E-004   8.303444E-006
  1.92835491E+03   2.007598E-004   8.293836E-006
  1.93835491E+03   2.005684E-004   8.284999E-006
  1.94835491E+03   2.003771E-004   8.276426E-006
  1.95835491E+03   2.001857E-004   8.267874E-006
  1.96835491E+03   1.999939E-004   8.259252E-006
  1.97835491E+03   1.998020E-004   8.250533E-006
  1.98835491E+03   1.996107E-004   8.241711E-006
  1.99835491E+03   1.994191E-004   8.232785E-006
  2.00835491E+03   1.992290E-004   8.223757E-006
  2.01835491E+03   1.990397E-004   8.214631E-006
  2.02835491E+03   1.988507E-004   8.205408E-006
  2.03835491E+03   1.986597E-004   8.196084E-006
  2.04835491E+03   1.984696E-004   8.186669E-006
  2.05835491E+03   1.982800E-004   8.177168E-006
  2.06835491E+03   1.980906E-004   8.167583E-006
  2.07835491E+03   1.979014E-004   8.157916E-006
  2.08835491E+03   1.977126E-004   8.148168E-006
  2.09835491E+03   1.975240E-004   8.138344E-006
  2.10835491E+03   1.973356E-004   8.128446E-006
  2.11835491E+03   1.971453E-004   8.118452E-006
  2.12835491E+03   1.969561E-004   8.108388E-006
  2.13835491E+03   1.967676E-004   8.098267E-006
  2.14835491E+03   1.965800E-004   8.088085E-006
  2.15835491E+03   1.963936E-004   8.077841E-006
  2.16835491E+03   1.962081E-004   8.067537E-006
  2.17835491E+03   1.960231E-004   8.057175E-006
  2.18835491E+03   1.958386E-004   8.046759E-006
  2.19835491E+03   1.956548E-004   8.036291E-006
  2.20835491E+03   1.954719E-004   8.025772E-006
  2.21835491E+03   1.952895E-004   8.015099E-006
  2.22835491E+03   1.951083E-004   8.004368E-006
  2.23835491E+03   1.949282E-004   7.993629E-006
  2.24835491E+03   1.947487E-004   7.982856E-006
  2.25835491E+03   1.945698E-004   7.972039E-006
  2.26835491E+03   1.943915E-004   7.961176E-006
  2.27835491E+03   1.942142E-004   7.950266E-006
  2.28835491E+03   1.940328E-004   7.939308E-006
  2.29835491E+03   1.938539E-004   7.928307E-006
  2.30835491E+03   1.936762E-004   7.917265E-006
  2.31835491E+03   1.934992E-004   7.906185E-006
  2.32835491E+03   1.933216E-004   7.895060E-006
  2.33835491E+03   1.931448E-004   7.883897E-006
  2.34835491E+03   1.929686E-004   7.872706E-006
  2.35835491E+03   1.927928E-004   7.861488E-006
  2.36835491E+03   1.926171E-004   7.850245E-006
  2.37835491E+03   1.924381E-004   7.838975E-006
  2.38835491E+03   1.922610E-004   7.827680E-006
  2.39835491E+03   1.920847E-004   7.816360E-006
  2.40835491E+03   1.919088E-004   7.805017E-006
  2.41835491E+03   1.917331E-004   7.793653E-006
  2.42835491E+03   1.915574E-004   7.782270E-006
  2.43835491E+03   1.913818E-004   7.770868E-006
  2.44835491E+03   1.912063E-004   7.759447E-006
  2.45835491E+03   1.910308E-004   7.748008E-006
  2.46835491E+03   1.908554E-004   7.736552E-006
  2.47835491E+03   1.906801E-004   7.725081E-006
  2.48835491E+03   1.905053E-004   7.713595E-006
  2.49835491E+03   1.903282E-004   7.702088E-006
  2.50835491E+03   1.901524E-004   7.690567E-006
  2.51835491E+03   1.899772E-004   7.679033E-006
  2.52835491E+03   1.898023E-004   7.667487E-006
  2.53835491E+03   1.896277E-004   7.655929E-006
  2.54835491E+03   1.894534E-004   7.644359E-006
  2.55835491E+03   1.892760E-004   7.632777E-006
  2.56835491E+03   1.891003E-004   7.621183E-006
  2.57835491E+03   1.889235E-004   7.609561E-006
  2.58835491E+03   1.887478E-004   7.597926E-006
  2.59835491E+03   1.885682E-004   7.586285E-006
  2.60835491E+03   1.883909E-004   7.574637E-006
  2.61835491E+03   1.882147E-004   7.562980E-006
  2.62835491E+03   1.880388E-004   7.551310E-006
  2.63835491E+03   1.878631E-004   7.539631E-006
  2.64835491E+03   1.876873E-004   7.527949E-006
  2.65835491E+03   1.875115E-004   7.516270E-006
  2.66835491E+03   1.873356E-004   7.504598E-006
  2.67835491E+03   1.871596E-004   7.492935E-006
  2.68835491E+03   1.869834E-004   7.481285E-006
  2.69835491E+03   1.868072E-004   7.469650E-006
  2.70835491E+03   1.866309E-004   7.458032E-006
  2.71835491E+03   1.864545E-004   7.446433E-006
  2.72835491E+03   1.862781E-004   7.434854E-006
  2.73835491E+03   1.861017E-004   7.423295E-006
  2.74835491E+03   1.859253E-004   7.411759E-006
  2.75835491E+03   1.857489E-004   7.400245E-006
  2.76835491E+03   1.855727E-004   7.388755E-006
  2.77835491E+03   1.853966E-004   7.377290E-006
  2.78835491E+03   1.852211E-004   7.365849E-006
  2.79835491E+03   1.850459E-004   7.354433E-006
  2.80835491E+03   1.848709E-004   7.343043E-006
  2.81835491E+03   1.846961E-004   7.331679E-006
  2.82835491E+03   1.845198E-004   7.320274E-006
  2.83835491E+03   1.843451E-004   7.308890E-006
  2.84835491E+03   1.841712E-004   7.297556E-006
  2.85835491E+03   1.839980E-004   7.286254E-006
  2.86835491E+03   1.838257E-004   7.274975E-006
  2.87835491E+03   1.836546E-004   7.263715E-006
  2.88835491E+03   1.834840E-004   7.252475E-006
  2.89835491E+03   1.833140E-004   7.241252E-006
  2.90835491E+03   1.831447E-004   7.230048E-006
  2.91835491E+03   1.829766E-004   7.218862E-006
  2.92835491E+03   1.828108E-004   7.207693E-006
  2.93835491E+03   1.826460E-004   7.196542E-006
  2.94835491E+03   1.824818E-004   7.185407E-006
  2.95835491E+03   1.823184E-004   7.174732E-006
  2.96835491E+03   1.821556E-004   7.164142E-006
  2.97835491E+03   1.819900E-004   7.153571E-006
  2.98835491E+03   1.818246E-004   7.142263E-006
  2.99835491E+03   1.816613E-004   7.130947E-006
  3.00835491E+03   1.814991E-004   7.119970E-006
  3.01835491E+03   1.813375E-004   7.109123E-006
  3.02835491E+03   1.811765E-004   7.098303E-006
  3.03835491E+03   1.810159E-004   7.087472E-006
  3.04835491E+03   1.808558E-004   7.076618E-006
  3.05835491E+03   1.806964E-004   7.065740E-006
  3.06835491E+03   1.805379E-004   7.054836E-006
  3.07835491E+03   1.803775E-004   7.043900E-006
  3.08835491E+03   1.802165E-004   7.032926E-006
  3.09835491E+03   1.800575E-004   7.021926E-006
  3.10835491E+03   1.798998E-004   7.010906E-006
  3.11835491E+03   1.797436E-004   6.999864E-006
  3.12835491E+03   1.795880E-004   6.988799E-006
  3.13835491E+03   1.794329E-004   6.977714E-006
  3.14835491E+03   1.792782E-004   6.966609E-006
  3.15835491E+03   1.791238E-004   6.955485E-006
  3.16835491E+03   1.789705E-004   6.944342E-006
  3.17835491E+03   1.788179E-004   6.933184E-006
  3.18835491E+03   1.786657E-004   6.922010E-006
  3.19835491E+03   1.785138E-004   6.910823E-006
  3.20835491E+03   1.783623E-004   6.899624E-006
  3.21835491E+03   1.782114E-004   6.888414E-006
  3.22835491E+03   1.780614E-004   6.877194E-006
  3.23835491E+03   1.779118E-004   6.865965E-006
  3.24835491E+03   1.777625E-004   6.854728E-006
  3.25835491E+03   1.776135E-004   6.843484E-006
  3.26835491E+03   1.774628E-004   6.832233E-006
  3.27835491E+03   1.773135E-004   6.820971E-006
  3.28835491E+03   1.771648E-004   6.809703E-006
  3.29835491E+03   1.770164E-004   6.798432E-006
  3.30835491E+03   1.768671E-004   6.787159E-006
  3.31835491E+03   1.767187E-004   6.775885E-006
  3.32835491E+03   1.765709E-004   6.764614E-006
  3.33835491E+03   1.764235E-004   6.753348E-006
  3.34835491E+03   1.762764E-004   6.742089E-006
  3.35835491E+03   1.761296E-004   6.730839E-006
  3.36835491E+03   1.759830E-004   6.719599E-006
  3.37835491E+03   1.758367E-004   6.708367E-006
  3.38835491E+03   1.756906E-004   6.697146E-006
  3.39835491E+03   1.755448E-004   6.685936E-006
  3.40835491E+03   1.753993E-004   6.674736E-006
  3.41835491E+03   1.752540E-004   6.663546E-006
  3.42835491E+03   1.751089E-004   6.652368E-006
  3.43835491E+03   1.749642E-004   6.641202E-006
  3.44835491E+03   1.748197E-004   6.630048E-006
  3.45835491E+03   1.746755E-004   6.618906E-006
  3.46835491E+03   1.745293E-004   6.607734E-006
  3.47835491E+03   1.743844E-004   6.596572E-006
  3.48835491E+03   1.742403E-004   6.585438E-006
  3.49835491E+03   1.740967E-004   6.574322E-006
  3.50835491E+03   1.739535E-004   6.563224E-006
  3.51835491E+03   1.738107E-004   6.552143E-006
  3.52835491E+03   1.736682E-004   6.541076E-006
  3.53835491E+03   1.735261E-004   6.530024E-006
  3.54835491E+03   1.733843E-004   6.518986E-006
  3.55835491E+03   1.732429E-004   6.507962E-006
  3.56835491E+03   1.731018E-004   6.496953E-006
  3.57835491E+03   1.729609E-004   6.485956E-006
  3.58835491E+03   1.728164E-004   6.474971E-006
  3.59417746E+03   1.727355E-004   6.468255E-006
  3.60000000E+03   1.726564E-004   6.462076E-006
