north:     0
south:        1000.00000000
east:      0
west:         1000.00000000
rows:      4
cols:      5
   0.200000000000E+02   0.180000000000E+02   0.160000000000E+02   0.150000000000E+02   0.100480000000E+02
   0.200000000000E+02   0.190000000000E+02   0.180000000000E+02   0.170000000000E+02   0.100000000000E+02
   0.200000000000E+02   0.180000000000E+02   0.160000000000E+02   0.150000000000E+02   0.800000000000E+01
   0.000000000000E+00   0.150000000000E+02   0.140000000000E+02   0.130000000000E+02   0.200000000000E+01
