north:     0
south:        1000.00000000
east:      0
west:         1000.00000000
rows:      4
cols:      5
   0.250000003725E-01   0.250000003725E-01   0.125000001863E-01   0.619000010192E-01   0.600000028498E-03
   0.000000000000E+00   0.000000000000E+00   0.250000003725E-01   0.874999985099E-01   0.250000003725E-01
   0.000000000000E+00   0.375000014901E-01   0.250000003725E-01   0.000000000000E+00   0.750000029802E-01
   0.000000000000E+00   0.125000001863E-01   0.125000001863E-01   0.137500002980E+00   0.750000029802E-01
