north:     0
south:        1000.00000000
east:      0
west:         1000.00000000
rows:      4
cols:      5
   0.000000000000E+00   0.000000000000E+00   0.000000000000E+00   0.000000000000E+00   0.000000000000E+00
   0.113137084961E+03   0.113137084961E+03   0.000000000000E+00   0.000000000000E+00   0.000000000000E+00
   0.113137084961E+03   0.000000000000E+00   0.000000000000E+00   0.113137084961E+03   0.000000000000E+00
   0.000000000000E+00   0.000000000000E+00   0.000000000000E+00   0.000000000000E+00   0.000000000000E+00
