north:     0
south:        1000.00000000
east:      0
west:         1000.00000000
rows:      4
cols:      5
   0.000000000000E+00   0.000000000000E+00   0.000000000000E+00   0.000000000000E+00   0.000000000000E+00
   0.119838294983E+02   0.119838294983E+02   0.000000000000E+00   0.000000000000E+00   0.000000000000E+00
   0.119838294983E+02   0.000000000000E+00   0.000000000000E+00   0.119838294983E+02   0.000000000000E+00
   0.000000000000E+00   0.000000000000E+00   0.000000000000E+00   0.000000000000E+00   0.000000000000E+00
