north:     0
south:        1000.00000000
east:      0
west:         1000.00000000
rows:      4
cols:      5
   0.119838294983E+02   0.144446239471E+02   0.162510471344E+02   0.166825447083E+02   0.170655746460E+02
   0.000000000000E+00   0.000000000000E+00   0.119838294983E+02   0.119838294983E+02   0.177253818512E+02
   0.000000000000E+00   0.119838294983E+02   0.119838294983E+02   0.000000000000E+00   0.180149211884E+02
   0.000000000000E+00   0.144446239471E+02   0.157550764084E+02   0.162510471344E+02   0.197689552307E+02
