north:     0
south:        1000.00000000
east:      0
west:         1000.00000000
rows:      4
cols:      5
   0.591503047943E+01   0.660190296173E+01   0.707574415207E+01   0.718566226959E+01   0.728225708008E+01
   0.000000000000E+00   0.000000000000E+00   0.591503047943E+01   0.591503047943E+01   0.744658231735E+01
   0.000000000000E+00   0.591503047943E+01   0.591503047943E+01   0.000000000000E+00   0.751789522171E+01
   0.000000000000E+00   0.660190296173E+01   0.694790697098E+01   0.707574415207E+01   0.794021701813E+01
