north:     0
south:           0.00000000
east:      0
west:            0.00000000
rows:      4
cols:      5
  -9999.0000000000000       -9999.0000000000000       -9999.0000000000000       -9999.0000000000000       -9999.0000000000000     
  -9999.0000000000000       -2.4999999999999994E-002  -4.9999999999999989E-002  -1.2499999999999997E-002  -9999.0000000000000     
  -9999.0000000000000       -9999.0000000000000        3.2000000000000002E-003  -1.1180339887498947E-003  -9999.0000000000000     
  -9999.0000000000000       -9999.0000000000000       -9999.0000000000000       -9999.0000000000000       -9999.0000000000000     
