north:     0
south:        1000.00000000
east:      0
west:         1000.00000000
rows:      4
cols:      5
   0.000000000000E+00   0.000000000000E+00   0.000000000000E+00   0.000000000000E+00   0.000000000000E+00
   0.176776703447E-01   0.265165045857E-01   0.000000000000E+00   0.000000000000E+00   0.000000000000E+00
   0.441941730678E-01   0.000000000000E+00   0.000000000000E+00   0.114904850721E+00   0.000000000000E+00
   0.000000000000E+00   0.000000000000E+00   0.000000000000E+00   0.000000000000E+00   0.000000000000E+00
