1 0 
0.00000000
0.03520000
10.00000000
0.03520000
20.00000000
0.03520000
30.00000000
0.03520000
40.00000000
0.03520000
50.00000000
0.03520000
60.00000000
0.03520000
70.00000000
0.03520000
80.00000000
0.03520000
90.00000000
0.03520000
100.00000000
0.03520000
110.00000000
0.03520000
120.00000000
0.03520000
130.00000000
0.03520000
140.00000000
0.03520000
150.00000000
0.03520000
160.00000000
0.03520000
170.00000000
0.03520000
180.00000000
0.03520000
190.00000000
0.03520000
200.00000000
0.03520000
210.00000000
0.03520000
220.00000000
0.03520000
230.00000000
0.03520000
240.00000000
0.03520000
250.00000000
0.03520000
260.00000000
0.03520000
270.00000000
0.03520000
280.00000000
0.03520000
290.00000000
0.03520000
300.00000000
0.03520000
310.00000000
0.03520000
320.00000000
0.03520000
330.00000000
0.03520000
340.00000000
0.03520000
350.00000000
0.03520000
360.00000000
0.03520000
370.00000000
0.03520000
380.00000000
0.03520000
390.00000000
0.03520000
400.00000000
0.03520000
410.00000000
0.03520000
420.00000000
0.03520000
430.00000000
0.03520000
440.00000000
0.03520000
450.00000000
0.03520000
460.00000000
0.03520000
470.00000000
0.03520000
480.00000000
0.03520000
490.00000000
0.03520000
500.00000000
0.03520000
510.00000000
0.03520000
520.00000000
0.03520000
530.00000000
0.03520000
540.00000000
0.03520000
550.00000000
0.03520000
560.00000000
0.03520000
570.00000000
0.03520000
580.00000000
0.03520000
590.00000000
0.03520000
600.00000000
0.03520000
610.00000000
0.03520000
620.00000000
0.03520000
630.00000000
0.03520000
640.00000000
0.03520000
650.00000000
0.03520000
660.00000000
0.03520000
670.00000000
0.03520000
680.00000000
0.03520000
690.00000000
0.03520000
700.00000000
0.03520000
710.00000000
0.03520000
720.00000000
0.03520000
730.00000000
0.03520000
740.00000000
0.03520000
750.00000000
0.03520000
760.00000000
0.03520000
770.00000000
0.03520000
780.00000000
0.03520000
790.00000000
0.03520000
800.00000000
0.03520000
810.00000000
0.03520000
820.00000000
0.03520000
830.00000000
0.03520000
840.00000000
0.03520000
850.00000000
0.03520000
860.00000000
0.03520000
870.00000000
0.03520000
880.00000000
0.03520000
890.00000000
0.03520000
900.00000000
0.03520000
910.00000000
0.03520000
920.00000000
0.03520000
930.00000000
0.03520000
940.00000000
0.03520000
950.00000000
0.03520000
960.00000000
0.03520000
970.00000000
0.03520000
980.00000000
0.03520000
990.00000000
0.03520000
1000.00000000
0.03520000
1010.00000000
0.03520000
1020.00000000
0.03520000
1030.00000000
0.03520000
1040.00000000
0.03520000
1050.00000000
0.03520000
1060.00000000
0.03520000
1070.00000000
0.03520000
1080.00000000
0.03520000
1090.00000000
0.03520000
1100.00000000
0.03520000
1110.00000000
0.03520000
1120.00000000
0.03520000
1130.00000000
0.03520000
1140.00000000
0.03520000
1150.00000000
0.03520000
1160.00000000
0.03520000
1170.00000000
0.03520000
1180.00000000
0.03520000
1190.00000000
0.03520000
1200.00000000
0.03520000
1210.00000000
0.03520000
1220.00000000
0.03520000
1230.00000000
0.03520000
1240.00000000
0.03520000
1250.00000000
0.03520000
1260.00000000
0.03520000
1270.00000000
0.03520000
1280.00000000
0.03520000
1290.00000000
0.03520000
1300.00000000
0.03520000
1310.00000000
0.03520000
1320.00000000
0.03520000
1330.00000000
0.03520000
1340.00000000
0.03520000
1350.00000000
0.03520000
1360.00000000
0.03520000
1370.00000000
0.03520000
1380.00000000
0.03520000
1390.00000000
0.03520000
1400.00000000
0.03520000
1410.00000000
0.03520000
1420.00000000
0.03520000
1430.00000000
0.03520000
1440.00000000
0.03520000
1450.00000000
0.03520000
1460.00000000
0.03520000
1470.00000000
0.03520000
1480.00000000
0.03520000
1490.00000000
0.03520000
1500.00000000
0.03520000
1510.00000000
0.03520000
1520.00000000
0.03520000
1530.00000000
0.03520000
1540.00000000
0.03520000
1550.00000000
0.03520000
1560.00000000
0.03520000
1570.00000000
0.03520000
1580.00000000
0.03520000
1590.00000000
0.03520000
1600.00000000
0.03520000
1610.00000000
0.03520000
1620.00000000
0.03520000
1630.00000000
0.03520000
1640.00000000
0.03520000
1650.00000000
0.03520000
1660.00000000
0.03520000
1670.00000000
0.03520000
1680.00000000
0.03520000
1690.00000000
0.03520000
1700.00000000
0.03520000
1710.00000000
0.03520000
1720.00000000
0.03520000
1730.00000000
0.03520000
1740.00000000
0.03520000
1750.00000000
0.03520000
1760.00000000
0.03520000
1770.00000000
0.03520000
1780.00000000
0.03520000
1790.00000000
0.03520000
1800.00000000
0.03520000
1810.00000000
0.03520000
1820.00000000
0.03520000
1830.00000000
0.03520000
1840.00000000
0.03520000
1850.00000000
0.03520000
1860.00000000
0.03520000
1870.00000000
0.03520000
1880.00000000
0.03520000
1890.00000000
0.03520000
1900.00000000
0.03520000
1910.00000000
0.03520000
1920.00000000
0.03520000
1930.00000000
0.03520000
1940.00000000
0.03520000
1950.00000000
0.03520000
1960.00000000
0.03520000
1970.00000000
0.03520000
1980.00000000
0.03520000
1990.00000000
0.03520000
2000.00000000
0.03520000
2010.00000000
0.03520000
2020.00000000
0.03520000
2030.00000000
0.03520000
2040.00000000
0.03520000
2050.00000000
0.03520000
2060.00000000
0.03520000
2070.00000000
0.03520000
2080.00000000
0.03520000
2090.00000000
0.03520000
2100.00000000
0.03520000
2110.00000000
0.03520000
2120.00000000
0.03520000
2130.00000000
0.03520000
2140.00000000
0.03520000
2150.00000000
0.03520000
2160.00000000
0.03520000
2170.00000000
0.03520000
2180.00000000
0.03520000
2190.00000000
0.03520000
2200.00000000
0.03520000
2210.00000000
0.03520000
2220.00000000
0.03520000
2230.00000000
0.03520000
2240.00000000
0.03520000
2250.00000000
0.03520000
2260.00000000
0.03520000
2270.00000000
0.03520000
2280.00000000
0.03520000
2290.00000000
0.03520000
2300.00000000
0.03520000
2310.00000000
0.03520000
2320.00000000
0.03520000
2330.00000000
0.03520000
2340.00000000
0.03520000
2350.00000000
0.03520000
2360.00000000
0.03520000
2370.00000000
0.03520000
2380.00000000
0.03520000
2390.00000000
0.03520000
2400.00000000
0.03520000
2410.00000000
0.03520000
2420.00000000
0.03520000
2430.00000000
0.03520000
2440.00000000
0.03520000
2450.00000000
0.03520000
2460.00000000
0.03520000
2470.00000000
0.03520000
2480.00000000
0.03520000
2490.00000000
0.03520000
2500.00000000
0.03520000
2510.00000000
0.03520000
2520.00000000
0.03520000
2530.00000000
0.03520000
2540.00000000
0.03520000
2550.00000000
0.03520000
2560.00000000
0.03520000
2570.00000000
0.03520000
2580.00000000
0.03520000
2590.00000000
0.03520000
2600.00000000
0.03520000
2610.00000000
0.03520000
2620.00000000
0.03520000
2630.00000000
0.03520000
2640.00000000
0.03520000
2650.00000000
0.03520000
2660.00000000
0.03520000
2670.00000000
0.03520000
2680.00000000
0.03520000
2690.00000000
0.03520000
2700.00000000
0.03520000
2710.00000000
0.03520000
2720.00000000
0.03520000
2730.00000000
0.03520000
2740.00000000
0.03520000
2750.00000000
0.03520000
2760.00000000
0.03520000
2770.00000000
0.03520000
2780.00000000
0.03520000
2790.00000000
0.03520000
2800.00000000
0.03520000
2810.00000000
0.03520000
2820.00000000
0.03520000
2830.00000000
0.03520000
2840.00000000
0.03520000
2850.00000000
0.03520000
2860.00000000
0.03520000
2870.00000000
0.03520000
2880.00000000
0.03520000
2890.00000000
0.03520000
2900.00000000
0.03520000
2910.00000000
0.03520000
2920.00000000
0.03520000
2930.00000000
0.03520000
2940.00000000
0.03520000
2950.00000000
0.03520000
2960.00000000
0.03520000
2970.00000000
0.03520000
2980.00000000
0.03520000
2990.00000000
0.03520000
3000.00000000
0.03520000
3010.00000000
0.03520000
3020.00000000
0.03520000
3030.00000000
0.03520000
3040.00000000
0.03520000
3050.00000000
0.03520000
3060.00000000
0.03520000
3070.00000000
0.03520000
3080.00000000
0.03520000
3090.00000000
0.03520000
3100.00000000
0.03520000
3110.00000000
0.03520000
3120.00000000
0.03520000
3130.00000000
0.03520000
3140.00000000
0.03520000
3150.00000000
0.03520000
3160.00000000
0.03520000
3170.00000000
0.03520000
3180.00000000
0.03520000
3190.00000000
0.03520000
3200.00000000
0.03520000
3210.00000000
0.03520000
3220.00000000
0.03520000
3230.00000000
0.03520000
3240.00000000
0.03520000
3250.00000000
0.03520000
3260.00000000
0.03520000
3270.00000000
0.03520000
3280.00000000
0.03520000
3290.00000000
0.03520000
3300.00000000
0.03520000
3310.00000000
0.03520000
3320.00000000
0.03520000
3330.00000000
0.03520000
3340.00000000
0.03520000
3350.00000000
0.03520000
3360.00000000
0.03520000
3370.00000000
0.03520000
3380.00000000
0.03520000
3390.00000000
0.03520000
3400.00000000
0.03520000
3410.00000000
0.03520000
3420.00000000
0.03520000
3430.00000000
0.03520000
3440.00000000
0.03520000
3450.00000000
0.03520000
3460.00000000
0.03520000
3470.00000000
0.03520000
3480.00000000
0.03520000
3490.00000000
0.03520000
3500.00000000
0.03520000
3510.00000000
0.03520000
3520.00000000
0.03520000
3530.00000000
0.03520000
3540.00000000
0.03520000
3550.00000000
0.03520000
3560.00000000
0.03520000
3570.00000000
0.03520000
3580.00000000
0.03520000
3590.00000000
0.03520000
3600.00000000
0.03520000
3610.00000000
0.03520000
3620.00000000
0.03520000
3630.00000000
0.03520000
3640.00000000
0.03520000
3650.00000000
0.03520000
3660.00000000
0.03520000
3670.00000000
0.03520000
3680.00000000
0.03520000
3690.00000000
0.03520000
3700.00000000
0.03520000
3710.00000000
0.03520000
3720.00000000
0.03520000
3730.00000000
0.03520000
3740.00000000
0.03520000
3750.00000000
0.03520000
3760.00000000
0.03520000
3770.00000000
0.03520000
3780.00000000
0.03520000
3790.00000000
0.03520000
3800.00000000
0.03520000
3810.00000000
0.03520000
3820.00000000
0.03520000
3830.00000000
0.03520000
3840.00000000
0.03520000
3850.00000000
0.03520000
3860.00000000
0.03520000
3870.00000000
0.03520000
3880.00000000
0.03520000
3890.00000000
0.03520000
3900.00000000
0.03520000
3910.00000000
0.03520000
3920.00000000
0.03520000
3930.00000000
0.03520000
3940.00000000
0.03520000
3950.00000000
0.03520000
3960.00000000
0.03520000
3970.00000000
0.03520000
3980.00000000
0.03520000
3990.00000000
0.03520000
4000.00000000
0.03520000
4010.00000000
0.03520000
4020.00000000
0.03520000
4030.00000000
0.03520000
4040.00000000
0.03520000
4050.00000000
0.03520000
4060.00000000
0.03520000
4070.00000000
0.03520000
4080.00000000
0.03520000
4090.00000000
0.03520000
4100.00000000
0.03520000
4110.00000000
0.03520000
4120.00000000
0.03520000
4130.00000000
0.03520000
4140.00000000
0.03520000
4150.00000000
0.03520000
4160.00000000
0.03520000
4170.00000000
0.03520000
4180.00000000
0.03520000
4190.00000000
0.03520000
4200.00000000
0.03520000
4210.00000000
0.03520000
4220.00000000
0.03520000
4230.00000000
0.03520000
4240.00000000
0.03520000
4250.00000000
0.03520000
4260.00000000
0.03520000
4270.00000000
0.03520000
4280.00000000
0.03520000
4290.00000000
0.03520000
4300.00000000
0.03520000
4310.00000000
0.03520000
4320.00000000
0.03520000
4330.00000000
0.03520000
4340.00000000
0.03520000
4350.00000000
0.03520000
4360.00000000
0.03520000
4370.00000000
0.03520000
4380.00000000
0.03520000
4390.00000000
0.03520000
4400.00000000
0.03520000
4410.00000000
0.03520000
4420.00000000
0.03520000
4430.00000000
0.03520000
4440.00000000
0.03520000
4450.00000000
0.03520000
4460.00000000
0.03520000
4470.00000000
0.03520000
4480.00000000
0.03520000
4490.00000000
0.03520000
4500.00000000
0.03520000
4510.00000000
0.03520000
4520.00000000
0.03520000
4530.00000000
0.03520000
4540.00000000
0.03520000
4550.00000000
0.03520000
4560.00000000
0.03520000
4570.00000000
0.03520000
4580.00000000
0.03520000
4590.00000000
0.03520000
4600.00000000
0.03520000
4610.00000000
0.03520000
4620.00000000
0.03520000
4630.00000000
0.03520000
4640.00000000
0.03520000
4650.00000000
0.03520000
4660.00000000
0.03520000
4670.00000000
0.03520000
4680.00000000
0.03520000
4690.00000000
0.03520000
4700.00000000
0.03520000
4710.00000000
0.03520000
4720.00000000
0.03520000
4730.00000000
0.03520000
4740.00000000
0.03520000
4750.00000000
0.03520000
4760.00000000
0.03520000
4770.00000000
0.03520000
4780.00000000
0.03520000
4790.00000000
0.03520000
4800.00000000
0.03520000
4810.00000000
0.03520000
4820.00000000
0.03520000
4830.00000000
0.03520000
4840.00000000
0.03520000
4850.00000000
0.03520000
4860.00000000
0.03520000
4870.00000000
0.03520000
4880.00000000
0.03520000
4890.00000000
0.03520000
4900.00000000
0.03520000
4910.00000000
0.03520000
4920.00000000
0.03520000
4930.00000000
0.03520000
4940.00000000
0.03520000
4950.00000000
0.03520000
4960.00000000
0.03520000
4970.00000000
0.03520000
4980.00000000
0.03520000
4990.00000000
0.03520000
5000.00000000
0.03520000
5010.00000000
0.03520000
5020.00000000
0.03520000
5030.00000000
0.03520000
5040.00000000
0.03520000
5050.00000000
0.03520000
5060.00000000
0.03520000
5070.00000000
0.03520000
5080.00000000
0.03520000
5090.00000000
0.03520000
5100.00000000
0.03520000
5110.00000000
0.03520000
5120.00000000
0.03520000
5130.00000000
0.03520000
5140.00000000
0.03520000
5150.00000000
0.03520000
5160.00000000
0.03520000
5170.00000000
0.03520000
5180.00000000
0.03520000
5190.00000000
0.03520000
5200.00000000
0.03520000
5210.00000000
0.03520000
5220.00000000
0.03520000
5230.00000000
0.03520000
5240.00000000
0.03520000
5250.00000000
0.03520000
5260.00000000
0.03520000
5270.00000000
0.03520000
5280.00000000
0.03520000
5290.00000000
0.03520000
5300.00000000
0.03520000
5310.00000000
0.03520000
5320.00000000
0.03520000
5330.00000000
0.03520000
5340.00000000
0.03520000
5350.00000000
0.03520000
5360.00000000
0.03520000
5370.00000000
0.03520000
5380.00000000
0.03520000
5390.00000000
0.03520000
5400.00000000
0.03520000
5410.00000000
0.03520000
5420.00000000
0.03520000
5430.00000000
0.03520000
5440.00000000
0.03520000
5450.00000000
0.03520000
5460.00000000
0.03520000
5470.00000000
0.03520000
5480.00000000
0.03520000
5490.00000000
0.03520000
5500.00000000
0.03520000
5510.00000000
0.03520000
5520.00000000
0.03520000
5530.00000000
0.03520000
5540.00000000
0.03520000
5550.00000000
0.03520000
5560.00000000
0.03520000
5570.00000000
0.03520000
5580.00000000
0.03520000
5590.00000000
0.03520000
5600.00000000
0.03520000
5610.00000000
0.03520000
5620.00000000
0.03520000
5630.00000000
0.03520000
5640.00000000
0.03520000
5650.00000000
0.03520000
5660.00000000
0.03520000
5670.00000000
0.03520000
5680.00000000
0.03520000
5690.00000000
0.03520000
5700.00000000
0.03520000
5710.00000000
0.03520000
5720.00000000
0.03520000
5730.00000000
0.03520000
5740.00000000
0.03520000
5750.00000000
0.03520000
5760.00000000
0.03520000
5770.00000000
0.03520000
5780.00000000
0.03520000
5790.00000000
0.03520000
5800.00000000
0.03520000
5810.00000000
0.03520000
5820.00000000
0.03520000
5830.00000000
0.03520000
5840.00000000
0.03520000
5850.00000000
0.03520000
5860.00000000
0.03520000
5870.00000000
0.03520000
5880.00000000
0.03520000
5890.00000000
0.03520000
5900.00000000
0.03520000
5910.00000000
0.03520000
5920.00000000
0.03520000
5930.00000000
0.03520000
5940.00000000
0.03520000
5950.00000000
0.03520000
5960.00000000
0.03520000
5970.00000000
0.03520000
5980.00000000
0.03520000
5990.00000000
0.03520000
6000.00000000
0.03520000
6010.00000000
0.03520000
6020.00000000
0.03520000
6030.00000000
0.03520000
6040.00000000
0.03520000
6050.00000000
0.03520000
6060.00000000
0.03520000
6070.00000000
0.03520000
6080.00000000
0.03520000
6090.00000000
0.03520000
6100.00000000
0.03520000
6110.00000000
0.03520000
6120.00000000
0.03520000
6130.00000000
0.03520000
6140.00000000
0.03520000
6150.00000000
0.03520000
6160.00000000
0.03520000
6170.00000000
0.03520000
6180.00000000
0.03520000
6190.00000000
0.03520000
6200.00000000
0.03520000
6210.00000000
0.03520000
6220.00000000
0.03520000
6230.00000000
0.03520000
6240.00000000
0.03520000
6250.00000000
0.03520000
6260.00000000
0.03520000
6270.00000000
0.03520000
6280.00000000
0.03520000
6290.00000000
0.03520000
6300.00000000
0.03520000
6310.00000000
0.03520000
6320.00000000
0.03520000
6330.00000000
0.03520000
6340.00000000
0.03520000
6350.00000000
0.03520000
6360.00000000
0.03520000
6370.00000000
0.03520000
6380.00000000
0.03520000
6390.00000000
0.03520000
6400.00000000
0.03520000
6410.00000000
0.03520000
6420.00000000
0.03520000
6430.00000000
0.03520000
6440.00000000
0.03520000
6450.00000000
0.03520000
6460.00000000
0.03520000
6470.00000000
0.03520000
6480.00000000
0.03520000
6490.00000000
0.03520000
6500.00000000
0.03520000
6510.00000000
0.03520000
6520.00000000
0.03520000
6530.00000000
0.03520000
6540.00000000
0.03520000
6550.00000000
0.03520000
6560.00000000
0.03520000
6570.00000000
0.03520000
6580.00000000
0.03520000
6590.00000000
0.03520000
6600.00000000
0.03520000
6610.00000000
0.03520000
6620.00000000
0.03520000
6630.00000000
0.03520000
6640.00000000
0.03520000
6650.00000000
0.03520000
6660.00000000
0.03520000
6670.00000000
0.03520000
6680.00000000
0.03520000
6690.00000000
0.03520000
6700.00000000
0.03520000
6710.00000000
0.03520000
6720.00000000
0.03520000
6730.00000000
0.03520000
6740.00000000
0.03520000
6750.00000000
0.03520000
6760.00000000
0.03520000
6770.00000000
0.03520000
6780.00000000
0.03520000
6790.00000000
0.03520000
6800.00000000
0.03520000
6810.00000000
0.03520000
6820.00000000
0.03520000
6830.00000000
0.03520000
6840.00000000
0.03520000
6850.00000000
0.03520000
6860.00000000
0.03520000
6870.00000000
0.03520000
6880.00000000
0.03520000
6890.00000000
0.03520000
6900.00000000
0.03520000
6910.00000000
0.03520000
6920.00000000
0.03520000
6930.00000000
0.03520000
6940.00000000
0.03520000
6950.00000000
0.03520000
6960.00000000
0.03520000
6970.00000000
0.03520000
6980.00000000
0.03520000
6990.00000000
0.03520000
7000.00000000
0.03520000
7010.00000000
0.03520000
7020.00000000
0.03520000
7030.00000000
0.03520000
7040.00000000
0.03520000
7050.00000000
0.03520000
7060.00000000
0.03520000
7070.00000000
0.03520000
7080.00000000
0.03520000
7090.00000000
0.03520000
7100.00000000
0.03520000
7110.00000000
0.03520000
7120.00000000
0.03520000
7130.00000000
0.03520000
7140.00000000
0.03520000
7150.00000000
0.03520000
7160.00000000
0.03520000
7170.00000000
0.03520000
7180.00000000
0.03520000
7190.00000000
0.03520000
7200.00000000
0.03520000
7210.00000000
0.03520000
7220.00000000
0.03520000
7230.00000000
0.03520000
7240.00000000
0.03520000
7250.00000000
0.03520000
7260.00000000
0.03520000
7270.00000000
0.03520000
7280.00000000
0.03520000
7290.00000000
0.03520000
7300.00000000
0.03520000
7310.00000000
0.03520000
7320.00000000
0.03520000
7330.00000000
0.03520000
7340.00000000
0.03520000
7350.00000000
0.03520000
7360.00000000
0.03520000
7370.00000000
0.03520000
7380.00000000
0.03520000
7390.00000000
0.03520000
7400.00000000
0.03520000
7410.00000000
0.03520000
7420.00000000
0.03520000
7430.00000000
0.03520000
7440.00000000
0.03520000
7450.00000000
0.03520000
7460.00000000
0.03520000
7470.00000000
0.03520000
7480.00000000
0.03520000
7490.00000000
0.03520000
7500.00000000
0.03520000
7510.00000000
0.03520000
7520.00000000
0.03520000
7530.00000000
0.03520000
7540.00000000
0.03520000
7550.00000000
0.03520000
7560.00000000
0.03520000
7570.00000000
0.03520000
7580.00000000
0.03520000
7590.00000000
0.03520000
7600.00000000
0.03520000
7610.00000000
0.03520000
7620.00000000
0.03520000
7630.00000000
0.03520000
7640.00000000
0.03520000
7650.00000000
0.03520000
7660.00000000
0.03520000
7670.00000000
0.03520000
7680.00000000
0.03520000
7690.00000000
0.03520000
7700.00000000
0.03520000
7710.00000000
0.03520000
7720.00000000
0.03520000
7730.00000000
0.03520000
7740.00000000
0.03520000
7750.00000000
0.03520000
7760.00000000
0.03520000
7770.00000000
0.03520000
7780.00000000
0.03520000
7790.00000000
0.03520000
7800.00000000
0.03520000
7810.00000000
0.03520000
7820.00000000
0.03520000
7830.00000000
0.03520000
7840.00000000
0.03520000
7850.00000000
0.03520000
7860.00000000
0.03520000
7870.00000000
0.03520000
7880.00000000
0.03520000
7890.00000000
0.03520000
7900.00000000
0.03520000
7910.00000000
0.03520000
7920.00000000
0.03520000
7930.00000000
0.03520000
7940.00000000
0.03520000
7950.00000000
0.03520000
7960.00000000
0.03520000
7970.00000000
0.03520000
7980.00000000
0.03520000
7990.00000000
0.03520000
8000.00000000
0.03520000
8010.00000000
0.03520000
8020.00000000
0.03520000
8030.00000000
0.03520000
8040.00000000
0.03520000
8050.00000000
0.03520000
8060.00000000
0.03520000
8070.00000000
0.03520000
8080.00000000
0.03520000
8090.00000000
0.03520000
8100.00000000
0.03520000
8110.00000000
0.03520000
8120.00000000
0.03520000
8130.00000000
0.03520000
8140.00000000
0.03520000
8150.00000000
0.03520000
8160.00000000
0.03520000
8170.00000000
0.03520000
8180.00000000
0.03520000
8190.00000000
0.03520000
8200.00000000
0.03520000
8210.00000000
0.03520000
8220.00000000
0.03520000
8230.00000000
0.03520000
8240.00000000
0.03520000
8250.00000000
0.03520000
8260.00000000
0.03520000
8270.00000000
0.03520000
8280.00000000
0.03520000
8290.00000000
0.03520000
8300.00000000
0.03520000
8310.00000000
0.03520000
8320.00000000
0.03520000
8330.00000000
0.03520000
8340.00000000
0.03520000
8350.00000000
0.03520000
8360.00000000
0.03520000
8370.00000000
0.03520000
8380.00000000
0.03520000
8390.00000000
0.03520000
8400.00000000
0.03520000
8410.00000000
0.03520000
8420.00000000
0.03520000
8430.00000000
0.03520000
8440.00000000
0.03520000
8450.00000000
0.03520000
8460.00000000
0.03520000
8470.00000000
0.03520000
8480.00000000
0.03520000
8490.00000000
0.03520000
8500.00000000
0.03520000
8510.00000000
0.03520000
8520.00000000
0.03520000
8530.00000000
0.03520000
8540.00000000
0.03520000
8550.00000000
0.03520000
8560.00000000
0.03520000
8570.00000000
0.03520000
8580.00000000
0.03520000
8590.00000000
0.03520000
8600.00000000
0.03520000
8610.00000000
0.03520000
8620.00000000
0.03520000
8630.00000000
0.03520000
8640.00000000
0.03520000
8650.00000000
0.03520000
8660.00000000
0.03520000
8670.00000000
0.03520000
8680.00000000
0.03520000
8690.00000000
0.03520000
8700.00000000
0.03520000
8710.00000000
0.03520000
8720.00000000
0.03520000
8730.00000000
0.03520000
8740.00000000
0.03520000
8750.00000000
0.03520000
8760.00000000
0.03520000
8770.00000000
0.03520000
8780.00000000
0.03520000
8790.00000000
0.03520000
8800.00000000
0.03520000
8810.00000000
0.03520000
8820.00000000
0.03520000
8830.00000000
0.03520000
8840.00000000
0.03520000
8850.00000000
0.03520000
8860.00000000
0.03520000
8870.00000000
0.03520000
8880.00000000
0.03520000
8890.00000000
0.03520000
8900.00000000
0.03520000
8910.00000000
0.03520000
8920.00000000
0.03520000
8930.00000000
0.03520000
8940.00000000
0.03520000
8950.00000000
0.03520000
8960.00000000
0.03520000
8970.00000000
0.03520000
8980.00000000
0.03520000
8990.00000000
0.03520000
9000.00000000
0.03520000
9010.00000000
0.03520000
9020.00000000
0.03520000
9030.00000000
0.03520000
9040.00000000
0.03520000
9050.00000000
0.03520000
9060.00000000
0.03520000
9070.00000000
0.03520000
9080.00000000
0.03520000
9090.00000000
0.03520000
9100.00000000
0.03520000
9110.00000000
0.03520000
9120.00000000
0.03520000
9130.00000000
0.03520000
9140.00000000
0.03520000
9150.00000000
0.03520000
9160.00000000
0.03520000
9170.00000000
0.03520000
9180.00000000
0.03520000
9190.00000000
0.03520000
9200.00000000
0.03520000
9210.00000000
0.03520000
9220.00000000
0.03520000
9230.00000000
0.03520000
9240.00000000
0.03520000
9250.00000000
0.03520000
9260.00000000
0.03520000
9270.00000000
0.03520000
9280.00000000
0.03520000
9290.00000000
0.03520000
9300.00000000
0.03520000
9310.00000000
0.03520000
9320.00000000
0.03520000
9330.00000000
0.03520000
9340.00000000
0.03520000
9350.00000000
0.03520000
9360.00000000
0.03520000
9370.00000000
0.03520000
9380.00000000
0.03520000
9390.00000000
0.03520000
9400.00000000
0.03520000
9410.00000000
0.03520000
9420.00000000
0.03520000
9430.00000000
0.03520000
9440.00000000
0.03520000
9450.00000000
0.03520000
9460.00000000
0.03520000
9470.00000000
0.03520000
9480.00000000
0.03520000
9490.00000000
0.03520000
9500.00000000
0.03520000
9510.00000000
0.03520000
9520.00000000
0.03520000
9530.00000000
0.03520000
9540.00000000
0.03520000
9550.00000000
0.03520000
9560.00000000
0.03520000
9570.00000000
0.03520000
9580.00000000
0.03520000
9590.00000000
0.03520000
9600.00000000
0.03520000
9610.00000000
0.03520000
9620.00000000
0.03520000
9630.00000000
0.03520000
9640.00000000
0.03520000
9650.00000000
0.03520000
9660.00000000
0.03520000
9670.00000000
0.03520000
9680.00000000
0.03520000
9690.00000000
0.03520000
9700.00000000
0.03520000
9710.00000000
0.03520000
9720.00000000
0.03520000
9730.00000000
0.03520000
9740.00000000
0.03520000
9750.00000000
0.03520000
9760.00000000
0.03520000
9770.00000000
0.03520000
9780.00000000
0.03520000
9790.00000000
0.03520000
9800.00000000
0.03520000
9810.00000000
0.03520000
9820.00000000
0.03520000
9830.00000000
0.03520000
9840.00000000
0.03520000
9850.00000000
0.03520000
9860.00000000
0.03520000
9870.00000000
0.03520000
9880.00000000
0.03520000
9890.00000000
0.03520000
9900.00000000
0.03520000
9910.00000000
0.03520000
9920.00000000
0.03520000
9930.00000000
0.03520000
9940.00000000
0.03520000
9950.00000000
0.03520000
9960.00000000
0.03520000
9970.00000000
0.03520000
9980.00000000
0.03520000
9990.00000000
0.03520000
10000.00000000
0.03520000
10010.00000000
0.03520000
10020.00000000
0.03520000
10030.00000000
0.03520000
10040.00000000
0.03520000
10050.00000000
0.03520000
10060.00000000
0.03520000
10070.00000000
0.03520000
10080.00000000
0.03520000
10090.00000000
0.03520000
10100.00000000
0.03520000
10110.00000000
0.03520000
10120.00000000
0.03520000
10130.00000000
0.03520000
10140.00000000
0.03520000
10150.00000000
0.03520000
10160.00000000
0.03520000
10170.00000000
0.03520000
10180.00000000
0.03520000
10190.00000000
0.03520000
10200.00000000
0.03520000
10210.00000000
0.03520000
10220.00000000
0.03520000
10230.00000000
0.03520000
10240.00000000
0.03520000
10250.00000000
0.03520000
10260.00000000
0.03520000
10270.00000000
0.03520000
10280.00000000
0.03520000
10290.00000000
0.03520000
10300.00000000
0.03520000
10310.00000000
0.03520000
10320.00000000
0.03520000
10330.00000000
0.03520000
10340.00000000
0.03520000
10350.00000000
0.03520000
10360.00000000
0.03520000
10370.00000000
0.03520000
10380.00000000
0.03520000
10390.00000000
0.03520000
10400.00000000
0.03520000
10410.00000000
0.03520000
10420.00000000
0.03520000
10430.00000000
0.03520000
10440.00000000
0.03520000
10450.00000000
0.03520000
10460.00000000
0.03520000
10470.00000000
0.03520000
10480.00000000
0.03520000
10490.00000000
0.03520000
10500.00000000
0.03520000
10510.00000000
0.03520000
10520.00000000
0.03520000
10530.00000000
0.03520000
10540.00000000
0.03520000
10550.00000000
0.03520000
10560.00000000
0.03520000
10570.00000000
0.03520000
10580.00000000
0.03520000
10590.00000000
0.03520000
10600.00000000
0.03520000
10610.00000000
0.03520000
10620.00000000
0.03520000
10630.00000000
0.03520000
10640.00000000
0.03520000
10650.00000000
0.03520000
10660.00000000
0.03520000
10670.00000000
0.03520000
10680.00000000
0.03520000
10690.00000000
0.03520000
10700.00000000
0.03520000
10710.00000000
0.03520000
10720.00000000
0.03520000
10730.00000000
0.03520000
10740.00000000
0.03520000
10750.00000000
0.03520000
10760.00000000
0.03520000
10770.00000000
0.03520000
10780.00000000
0.03520000
10790.00000000
0.03520000
10800.00000000
0.03520000
10810.00000000
0.03520000
10820.00000000
0.03520000
10830.00000000
0.03520000
10840.00000000
0.03520000
10850.00000000
0.03520000
10860.00000000
0.03520000
10870.00000000
0.03520000
10880.00000000
0.03520000
10890.00000000
0.03520000
10900.00000000
0.03520000
10910.00000000
0.03520000
10920.00000000
0.03520000
10930.00000000
0.03520000
10940.00000000
0.03520000
10950.00000000
0.03520000
10960.00000000
0.03520000
10970.00000000
0.03520000
10980.00000000
0.03520000
10990.00000000
0.03520000
11000.00000000
0.03520000
11010.00000000
0.03520000
11020.00000000
0.03520000
11030.00000000
0.03520000
11040.00000000
0.03520000
11050.00000000
0.03520000
11060.00000000
0.03520000
11070.00000000
0.03520000
11080.00000000
0.03520000
11090.00000000
0.03520000
11100.00000000
0.03520000
11110.00000000
0.03520000
11120.00000000
0.03520000
11130.00000000
0.03520000
11140.00000000
0.03520000
11150.00000000
0.03520000
11160.00000000
0.03520000
11170.00000000
0.03520000
11180.00000000
0.03520000
11190.00000000
0.03520000
11200.00000000
0.03520000
11210.00000000
0.03520000
11220.00000000
0.03520000
11230.00000000
0.03520000
11240.00000000
0.03520000
11250.00000000
0.03520000
11260.00000000
0.03520000
11270.00000000
0.03520000
11280.00000000
0.03520000
11290.00000000
0.03520000
11300.00000000
0.03520000
11310.00000000
0.03520000
11320.00000000
0.03520000
11330.00000000
0.03520000
11340.00000000
0.03520000
11350.00000000
0.03520000
11360.00000000
0.03520000
11370.00000000
0.03520000
11380.00000000
0.03520000
11390.00000000
0.03520000
11400.00000000
0.03520000
11410.00000000
0.03520000
11420.00000000
0.03520000
11430.00000000
0.03520000
11440.00000000
0.03520000
11450.00000000
0.03520000
11460.00000000
0.03520000
11470.00000000
0.03520000
11480.00000000
0.03520000
11490.00000000
0.03520000
11500.00000000
0.03520000
11510.00000000
0.03520000
11520.00000000
0.03520000
11530.00000000
0.03520000
11540.00000000
0.03520000
11550.00000000
0.03520000
11560.00000000
0.03520000
11570.00000000
0.03520000
11580.00000000
0.03520000
11590.00000000
0.03520000
11600.00000000
0.03520000
11610.00000000
0.03520000
11620.00000000
0.03520000
11630.00000000
0.03520000
11640.00000000
0.03520000
11650.00000000
0.03520000
11660.00000000
0.03520000
11670.00000000
0.03520000
11680.00000000
0.03520000
11690.00000000
0.03520000
11700.00000000
0.03520000
11710.00000000
0.03520000
11720.00000000
0.03520000
11730.00000000
0.03520000
11740.00000000
0.03520000
11750.00000000
0.03520000
11760.00000000
0.03520000
11770.00000000
0.03520000
11780.00000000
0.03520000
11790.00000000
0.03520000
11800.00000000
0.03520000
11810.00000000
0.03520000
11820.00000000
0.03520000
11830.00000000
0.03520000
11840.00000000
0.03520000
11850.00000000
0.03520000
11860.00000000
0.03520000
11870.00000000
0.03520000
11880.00000000
0.03520000
11890.00000000
0.03520000
11900.00000000
0.03520000
11910.00000000
0.03520000
11920.00000000
0.03520000
11930.00000000
0.03520000
11940.00000000
0.03520000
11950.00000000
0.03520000
11960.00000000
0.03520000
11970.00000000
0.03520000
11980.00000000
0.03520000
11990.00000000
0.03520000
12000.00000000
0.00000000
12010.00000000
0.00000000
12020.00000000
0.00000000
12030.00000000
0.00000000
12040.00000000
0.00000000
12050.00000000
0.00000000
12060.00000000
0.00000000
12070.00000000
0.00000000
12080.00000000
0.00000000
12090.00000000
0.00000000
12100.00000000
0.00000000
12110.00000000
0.00000000
12120.00000000
0.00000000
12130.00000000
0.00000000
12140.00000000
0.00000000
12150.00000000
0.00000000
12160.00000000
0.00000000
12170.00000000
0.00000000
12180.00000000
0.00000000
12190.00000000
0.00000000
12200.00000000
0.00000000
12210.00000000
0.00000000
12220.00000000
0.00000000
12230.00000000
0.00000000
12240.00000000
0.00000000
12250.00000000
0.00000000
12260.00000000
0.00000000
12270.00000000
0.00000000
12280.00000000
0.00000000
12290.00000000
0.00000000
12300.00000000
0.00000000
12310.00000000
0.00000000
12320.00000000
0.00000000
12330.00000000
0.00000000
12340.00000000
0.00000000
12350.00000000
0.00000000
12360.00000000
0.00000000
12370.00000000
0.00000000
12380.00000000
0.00000000
12390.00000000
0.00000000
12400.00000000
0.00000000
12410.00000000
0.00000000
12420.00000000
0.00000000
12430.00000000
0.00000000
12440.00000000
0.00000000
12450.00000000
0.00000000
12460.00000000
0.00000000
12470.00000000
0.00000000
12480.00000000
0.00000000
12490.00000000
0.00000000
12500.00000000
0.00000000
12510.00000000
0.00000000
12520.00000000
0.00000000
12530.00000000
0.00000000
12540.00000000
0.00000000
12550.00000000
0.00000000
12560.00000000
0.00000000
12570.00000000
0.00000000
12580.00000000
0.00000000
12590.00000000
0.00000000
12600.00000000
0.00000000
12610.00000000
0.00000000
12620.00000000
0.00000000
12630.00000000
0.00000000
12640.00000000
0.00000000
12650.00000000
0.00000000
12660.00000000
0.00000000
12670.00000000
0.00000000
12680.00000000
0.00000000
12690.00000000
0.00000000
12700.00000000
0.00000000
12710.00000000
0.00000000
12720.00000000
0.00000000
12730.00000000
0.00000000
12740.00000000
0.00000000
12750.00000000
0.00000000
12760.00000000
0.00000000
12770.00000000
0.00000000
12780.00000000
0.00000000
12790.00000000
0.00000000
12800.00000000
0.00000000
12810.00000000
0.00000000
12820.00000000
0.00000000
12830.00000000
0.00000000
12840.00000000
0.00000000
12850.00000000
0.00000000
12860.00000000
0.00000000
12870.00000000
0.00000000
12880.00000000
0.00000000
12890.00000000
0.00000000
12900.00000000
0.00000000
12910.00000000
0.00000000
12920.00000000
0.00000000
12930.00000000
0.00000000
12940.00000000
0.00000000
12950.00000000
0.00000000
12960.00000000
0.00000000
12970.00000000
0.00000000
12980.00000000
0.00000000
12990.00000000
0.00000000
13000.00000000
0.00000000
13010.00000000
0.00000000
13020.00000000
0.00000000
13030.00000000
0.00000000
13040.00000000
0.00000000
13050.00000000
0.00000000
13060.00000000
0.00000000
13070.00000000
0.00000000
13080.00000000
0.00000000
13090.00000000
0.00000000
13100.00000000
0.00000000
13110.00000000
0.00000000
13120.00000000
0.00000000
13130.00000000
0.00000000
13140.00000000
0.00000000
13150.00000000
0.00000000
13160.00000000
0.00000000
13170.00000000
0.00000000
13180.00000000
0.00000000
13190.00000000
0.00000000
13200.00000000
0.00000000
13210.00000000
0.00000000
13220.00000000
0.00000000
13230.00000000
0.00000000
13240.00000000
0.00000000
13250.00000000
0.00000000
13260.00000000
0.00000000
13270.00000000
0.00000000
13280.00000000
0.00000000
13290.00000000
0.00000000
13300.00000000
0.00000000
13310.00000000
0.00000000
13320.00000000
0.00000000
13330.00000000
0.00000000
13340.00000000
0.00000000
13350.00000000
0.00000000
13360.00000000
0.00000000
13370.00000000
0.00000000
13380.00000000
0.00000000
13390.00000000
0.00000000
13400.00000000
0.00000000
13410.00000000
0.00000000
13420.00000000
0.00000000
13430.00000000
0.00000000
13440.00000000
0.00000000
13450.00000000
0.00000000
13460.00000000
0.00000000
13470.00000000
0.00000000
13480.00000000
0.00000000
13490.00000000
0.00000000
13500.00000000
0.00000000
13510.00000000
0.00000000
13520.00000000
0.00000000
13530.00000000
0.00000000
13540.00000000
0.00000000
13550.00000000
0.00000000
13560.00000000
0.00000000
13570.00000000
0.00000000
13580.00000000
0.00000000
13590.00000000
0.00000000
13600.00000000
0.00000000
13610.00000000
0.00000000
13620.00000000
0.00000000
13630.00000000
0.00000000
13640.00000000
0.00000000
13650.00000000
0.00000000
13660.00000000
0.00000000
13670.00000000
0.00000000
13680.00000000
0.00000000
13690.00000000
0.00000000
13700.00000000
0.00000000
13710.00000000
0.00000000
13720.00000000
0.00000000
13730.00000000
0.00000000
13740.00000000
0.00000000
13750.00000000
0.00000000
13760.00000000
0.00000000
13770.00000000
0.00000000
13780.00000000
0.00000000
13790.00000000
0.00000000
13800.00000000
0.00000000
13810.00000000
0.00000000
13820.00000000
0.00000000
13830.00000000
0.00000000
13840.00000000
0.00000000
13850.00000000
0.00000000
13860.00000000
0.00000000
13870.00000000
0.00000000
13880.00000000
0.00000000
13890.00000000
0.00000000
13900.00000000
0.00000000
13910.00000000
0.00000000
13920.00000000
0.00000000
13930.00000000
0.00000000
13940.00000000
0.00000000
13950.00000000
0.00000000
13960.00000000
0.00000000
13970.00000000
0.00000000
13980.00000000
0.00000000
13990.00000000
0.00000000
14000.00000000
0.00000000
14010.00000000
0.00000000
14020.00000000
0.00000000
14030.00000000
0.00000000
14040.00000000
0.00000000
14050.00000000
0.00000000
14060.00000000
0.00000000
14070.00000000
0.00000000
14080.00000000
0.00000000
14090.00000000
0.00000000
14100.00000000
0.00000000
14110.00000000
0.00000000
14120.00000000
0.00000000
14130.00000000
0.00000000
14140.00000000
0.00000000
14150.00000000
0.00000000
14160.00000000
0.00000000
14170.00000000
0.00000000
14180.00000000
0.00000000
14190.00000000
0.00000000
14200.00000000
0.00000000
14210.00000000
0.00000000
14220.00000000
0.00000000
14230.00000000
0.00000000
14240.00000000
0.00000000
14250.00000000
0.00000000
14260.00000000
0.00000000
14270.00000000
0.00000000
14280.00000000
0.00000000
14290.00000000
0.00000000
14300.00000000
0.00000000
14310.00000000
0.00000000
14320.00000000
0.00000000
14330.00000000
0.00000000
14340.00000000
0.00000000
14350.00000000
0.00000000
14360.00000000
0.00000000
14370.00000000
0.00000000
14380.00000000
0.00000000
14390.00000000
0.00000000
14400.00000000
0.00000000
14410.00000000
0.00000000
14420.00000000
0.00000000
14430.00000000
0.00000000
14440.00000000
0.00000000
14450.00000000
0.00000000
14460.00000000
0.00000000
14470.00000000
0.00000000
14480.00000000
0.00000000
14490.00000000
0.00000000
14500.00000000
0.00000000
14510.00000000
0.00000000
14520.00000000
0.00000000
14530.00000000
0.00000000
14540.00000000
0.00000000
14550.00000000
0.00000000
14560.00000000
0.00000000
14570.00000000
0.00000000
14580.00000000
0.00000000
14590.00000000
0.00000000
14600.00000000
0.00000000
14610.00000000
0.00000000
14620.00000000
0.00000000
14630.00000000
0.00000000
14640.00000000
0.00000000
14650.00000000
0.00000000
14660.00000000
0.00000000
14670.00000000
0.00000000
14680.00000000
0.00000000
14690.00000000
0.00000000
14700.00000000
0.00000000
14710.00000000
0.00000000
14720.00000000
0.00000000
14730.00000000
0.00000000
14740.00000000
0.00000000
14750.00000000
0.00000000
14760.00000000
0.00000000
14770.00000000
0.00000000
14780.00000000
0.00000000
14790.00000000
0.00000000
14800.00000000
0.00000000
14810.00000000
0.00000000
14820.00000000
0.00000000
14830.00000000
0.00000000
14840.00000000
0.00000000
14850.00000000
0.00000000
14860.00000000
0.00000000
14870.00000000
0.00000000
14880.00000000
0.00000000
14890.00000000
0.00000000
14900.00000000
0.00000000
14910.00000000
0.00000000
14920.00000000
0.00000000
14930.00000000
0.00000000
14940.00000000
0.00000000
14950.00000000
0.00000000
14960.00000000
0.00000000
14970.00000000
0.00000000
14980.00000000
0.00000000
14990.00000000
0.00000000
15000.00000000
0.00000000
15010.00000000
0.00000000
15020.00000000
0.00000000
15030.00000000
0.00000000
15040.00000000
0.00000000
15050.00000000
0.00000000
15060.00000000
0.00000000
15070.00000000
0.00000000
15080.00000000
0.00000000
15090.00000000
0.00000000
15100.00000000
0.00000000
15110.00000000
0.00000000
15120.00000000
0.00000000
15130.00000000
0.00000000
15140.00000000
0.00000000
15150.00000000
0.00000000
15160.00000000
0.00000000
15170.00000000
0.00000000
15180.00000000
0.00000000
15190.00000000
0.00000000
15200.00000000
0.00000000
15210.00000000
0.00000000
15220.00000000
0.00000000
15230.00000000
0.00000000
15240.00000000
0.00000000
15250.00000000
0.00000000
15260.00000000
0.00000000
15270.00000000
0.00000000
15280.00000000
0.00000000
15290.00000000
0.00000000
15300.00000000
0.00000000
15310.00000000
0.00000000
15320.00000000
0.00000000
15330.00000000
0.00000000
15340.00000000
0.00000000
15350.00000000
0.00000000
15360.00000000
0.00000000
15370.00000000
0.00000000
15380.00000000
0.00000000
15390.00000000
0.00000000
15400.00000000
0.00000000
15410.00000000
0.00000000
15420.00000000
0.00000000
15430.00000000
0.00000000
15440.00000000
0.00000000
15450.00000000
0.00000000
15460.00000000
0.00000000
15470.00000000
0.00000000
15480.00000000
0.00000000
15490.00000000
0.00000000
15500.00000000
0.00000000
15510.00000000
0.00000000
15520.00000000
0.00000000
15530.00000000
0.00000000
15540.00000000
0.00000000
15550.00000000
0.00000000
15560.00000000
0.00000000
15570.00000000
0.00000000
15580.00000000
0.00000000
15590.00000000
0.00000000
15600.00000000
0.00000000
15610.00000000
0.00000000
15620.00000000
0.00000000
15630.00000000
0.00000000
15640.00000000
0.00000000
15650.00000000
0.00000000
15660.00000000
0.00000000
15670.00000000
0.00000000
15680.00000000
0.00000000
15690.00000000
0.00000000
15700.00000000
0.00000000
15710.00000000
0.00000000
15720.00000000
0.00000000
15730.00000000
0.00000000
15740.00000000
0.00000000
15750.00000000
0.00000000
15760.00000000
0.00000000
15770.00000000
0.00000000
15780.00000000
0.00000000
15790.00000000
0.00000000
15800.00000000
0.00000000
15810.00000000
0.00000000
15820.00000000
0.00000000
15830.00000000
0.00000000
15840.00000000
0.00000000
15850.00000000
0.00000000
15860.00000000
0.00000000
15870.00000000
0.00000000
15880.00000000
0.00000000
15890.00000000
0.00000000
15900.00000000
0.00000000
15910.00000000
0.00000000
15920.00000000
0.00000000
15930.00000000
0.00000000
15940.00000000
0.00000000
15950.00000000
0.00000000
15960.00000000
0.00000000
15970.00000000
0.00000000
15980.00000000
0.00000000
15990.00000000
0.00000000
16000.00000000
0.00000000
16010.00000000
0.00000000
16020.00000000
0.00000000
16030.00000000
0.00000000
16040.00000000
0.00000000
16050.00000000
0.00000000
16060.00000000
0.00000000
16070.00000000
0.00000000
16080.00000000
0.00000000
16090.00000000
0.00000000
16100.00000000
0.00000000
16110.00000000
0.00000000
16120.00000000
0.00000000
16130.00000000
0.00000000
16140.00000000
0.00000000
16150.00000000
0.00000000
16160.00000000
0.00000000
16170.00000000
0.00000000
16180.00000000
0.00000000
16190.00000000
0.00000000
16200.00000000
0.00000000
16210.00000000
0.00000000
16220.00000000
0.00000000
16230.00000000
0.00000000
16240.00000000
0.00000000
16250.00000000
0.00000000
16260.00000000
0.00000000
16270.00000000
0.00000000
16280.00000000
0.00000000
16290.00000000
0.00000000
16300.00000000
0.00000000
16310.00000000
0.00000000
16320.00000000
0.00000000
16330.00000000
0.00000000
16340.00000000
0.00000000
16350.00000000
0.00000000
16360.00000000
0.00000000
16370.00000000
0.00000000
16380.00000000
0.00000000
16390.00000000
0.00000000
16400.00000000
0.00000000
16410.00000000
0.00000000
16420.00000000
0.00000000
16430.00000000
0.00000000
16440.00000000
0.00000000
16450.00000000
0.00000000
16460.00000000
0.00000000
16470.00000000
0.00000000
16480.00000000
0.00000000
16490.00000000
0.00000000
16500.00000000
0.00000000
16510.00000000
0.00000000
16520.00000000
0.00000000
16530.00000000
0.00000000
16540.00000000
0.00000000
16550.00000000
0.00000000
16560.00000000
0.00000000
16570.00000000
0.00000000
16580.00000000
0.00000000
16590.00000000
0.00000000
16600.00000000
0.00000000
16610.00000000
0.00000000
16620.00000000
0.00000000
16630.00000000
0.00000000
16640.00000000
0.00000000
16650.00000000
0.00000000
16660.00000000
0.00000000
16670.00000000
0.00000000
16680.00000000
0.00000000
16690.00000000
0.00000000
16700.00000000
0.00000000
16710.00000000
0.00000000
16720.00000000
0.00000000
16730.00000000
0.00000000
16740.00000000
0.00000000
16750.00000000
0.00000000
16760.00000000
0.00000000
16770.00000000
0.00000000
16780.00000000
0.00000000
16790.00000000
0.00000000
16800.00000000
0.00000000
16810.00000000
0.00000000
16820.00000000
0.00000000
16830.00000000
0.00000000
16840.00000000
0.00000000
16850.00000000
0.00000000
16860.00000000
0.00000000
16870.00000000
0.00000000
16880.00000000
0.00000000
16890.00000000
0.00000000
16900.00000000
0.00000000
16910.00000000
0.00000000
16920.00000000
0.00000000
16930.00000000
0.00000000
16940.00000000
0.00000000
16950.00000000
0.00000000
16960.00000000
0.00000000
16970.00000000
0.00000000
16980.00000000
0.00000000
16990.00000000
0.00000000
17000.00000000
0.00000000
17010.00000000
0.00000000
17020.00000000
0.00000000
17030.00000000
0.00000000
17040.00000000
0.00000000
17050.00000000
0.00000000
17060.00000000
0.00000000
17070.00000000
0.00000000
17080.00000000
0.00000000
17090.00000000
0.00000000
17100.00000000
0.00000000
17110.00000000
0.00000000
17120.00000000
0.00000000
17130.00000000
0.00000000
17140.00000000
0.00000000
17150.00000000
0.00000000
17160.00000000
0.00000000
17170.00000000
0.00000000
17180.00000000
0.00000000
17190.00000000
0.00000000
17200.00000000
0.00000000
17210.00000000
0.00000000
17220.00000000
0.00000000
17230.00000000
0.00000000
17240.00000000
0.00000000
17250.00000000
0.00000000
17260.00000000
0.00000000
17270.00000000
0.00000000
17280.00000000
0.00000000
17290.00000000
0.00000000
17300.00000000
0.00000000
17310.00000000
0.00000000
17320.00000000
0.00000000
17330.00000000
0.00000000
17340.00000000
0.00000000
17350.00000000
0.00000000
17360.00000000
0.00000000
17370.00000000
0.00000000
17380.00000000
0.00000000
17390.00000000
0.00000000
17400.00000000
0.00000000
17410.00000000
0.00000000
17420.00000000
0.00000000
17430.00000000
0.00000000
17440.00000000
0.00000000
17450.00000000
0.00000000
17460.00000000
0.00000000
17470.00000000
0.00000000
17480.00000000
0.00000000
17490.00000000
0.00000000
17500.00000000
0.00000000
17510.00000000
0.00000000
17520.00000000
0.00000000
17530.00000000
0.00000000
17540.00000000
0.00000000
17550.00000000
0.00000000
17560.00000000
0.00000000
17570.00000000
0.00000000
17580.00000000
0.00000000
17590.00000000
0.00000000
17600.00000000
0.00000000
17610.00000000
0.00000000
17620.00000000
0.00000000
17630.00000000
0.00000000
17640.00000000
0.00000000
17650.00000000
0.00000000
17660.00000000
0.00000000
17670.00000000
0.00000000
17680.00000000
0.00000000
17690.00000000
0.00000000
17700.00000000
0.00000000
17710.00000000
0.00000000
17720.00000000
0.00000000
17730.00000000
0.00000000
17740.00000000
0.00000000
17750.00000000
0.00000000
17760.00000000
0.00000000
17770.00000000
0.00000000
17780.00000000
0.00000000
17790.00000000
0.00000000
17800.00000000
0.00000000
17810.00000000
0.00000000
17820.00000000
0.00000000
17830.00000000
0.00000000
17840.00000000
0.00000000
17850.00000000
0.00000000
17860.00000000
0.00000000
17870.00000000
0.00000000
17880.00000000
0.00000000
17890.00000000
0.00000000
17900.00000000
0.00000000
17910.00000000
0.00000000
17920.00000000
0.00000000
17930.00000000
0.00000000
17940.00000000
0.00000000
17950.00000000
0.00000000
17960.00000000
0.00000000
17970.00000000
0.00000000
17980.00000000
0.00000000
17990.00000000
0.00000000
18000.00000000
0.00000000
18010.00000000
0.00000000
18020.00000000
0.00000000
18030.00000000
0.00000000
18040.00000000
0.00000000
18050.00000000
0.00000000
18060.00000000
0.00000000
18070.00000000
0.00000000
18080.00000000
0.00000000
18090.00000000
0.00000000
18100.00000000
0.00000000
18110.00000000
0.00000000
18120.00000000
0.00000000
18130.00000000
0.00000000
18140.00000000
0.00000000
18150.00000000
0.00000000
18160.00000000
0.00000000
18170.00000000
0.00000000
18180.00000000
0.00000000
18190.00000000
0.00000000
18200.00000000
0.00000000
18210.00000000
0.00000000
18220.00000000
0.00000000
18230.00000000
0.00000000
18240.00000000
0.00000000
18250.00000000
0.00000000
18260.00000000
0.00000000
18270.00000000
0.00000000
18280.00000000
0.00000000
18290.00000000
0.00000000
18300.00000000
0.00000000
18310.00000000
0.00000000
18320.00000000
0.00000000
18330.00000000
0.00000000
18340.00000000
0.00000000
18350.00000000
0.00000000
18360.00000000
0.00000000
18370.00000000
0.00000000
18380.00000000
0.00000000
18390.00000000
0.00000000
18400.00000000
0.00000000
18410.00000000
0.00000000
18420.00000000
0.00000000
18430.00000000
0.00000000
18440.00000000
0.00000000
18450.00000000
0.00000000
18460.00000000
0.00000000
18470.00000000
0.00000000
18480.00000000
0.00000000
18490.00000000
0.00000000
18500.00000000
0.00000000
18510.00000000
0.00000000
18520.00000000
0.00000000
18530.00000000
0.00000000
18540.00000000
0.00000000
18550.00000000
0.00000000
18560.00000000
0.00000000
18570.00000000
0.00000000
18580.00000000
0.00000000
18590.00000000
0.00000000
18600.00000000
0.00000000
18610.00000000
0.00000000
18620.00000000
0.00000000
18630.00000000
0.00000000
18640.00000000
0.00000000
18650.00000000
0.00000000
18660.00000000
0.00000000
18670.00000000
0.00000000
18680.00000000
0.00000000
18690.00000000
0.00000000
18700.00000000
0.00000000
18710.00000000
0.00000000
18720.00000000
0.00000000
18730.00000000
0.00000000
18740.00000000
0.00000000
18750.00000000
0.00000000
18760.00000000
0.00000000
18770.00000000
0.00000000
18780.00000000
0.00000000
18790.00000000
0.00000000
18800.00000000
0.00000000
18810.00000000
0.00000000
18820.00000000
0.00000000
18830.00000000
0.00000000
18840.00000000
0.00000000
18850.00000000
0.00000000
18860.00000000
0.00000000
18870.00000000
0.00000000
18880.00000000
0.00000000
18890.00000000
0.00000000
18900.00000000
0.00000000
18910.00000000
0.00000000
18920.00000000
0.00000000
18930.00000000
0.00000000
18940.00000000
0.00000000
18950.00000000
0.00000000
18960.00000000
0.00000000
18970.00000000
0.00000000
18980.00000000
0.00000000
18990.00000000
0.00000000
19000.00000000
0.00000000
19010.00000000
0.00000000
19020.00000000
0.00000000
19030.00000000
0.00000000
19040.00000000
0.00000000
19050.00000000
0.00000000
19060.00000000
0.00000000
19070.00000000
0.00000000
19080.00000000
0.00000000
19090.00000000
0.00000000
19100.00000000
0.00000000
19110.00000000
0.00000000
19120.00000000
0.00000000
19130.00000000
0.00000000
19140.00000000
0.00000000
19150.00000000
0.00000000
19160.00000000
0.00000000
19170.00000000
0.00000000
19180.00000000
0.00000000
19190.00000000
0.00000000
19200.00000000
0.00000000
19210.00000000
0.00000000
19220.00000000
0.00000000
19230.00000000
0.00000000
19240.00000000
0.00000000
19250.00000000
0.00000000
19260.00000000
0.00000000
19270.00000000
0.00000000
19280.00000000
0.00000000
19290.00000000
0.00000000
19300.00000000
0.00000000
19310.00000000
0.00000000
19320.00000000
0.00000000
19330.00000000
0.00000000
19340.00000000
0.00000000
19350.00000000
0.00000000
19360.00000000
0.00000000
19370.00000000
0.00000000
19380.00000000
0.00000000
19390.00000000
0.00000000
19400.00000000
0.00000000
19410.00000000
0.00000000
19420.00000000
0.00000000
19430.00000000
0.00000000
19440.00000000
0.00000000
19450.00000000
0.00000000
19460.00000000
0.00000000
19470.00000000
0.00000000
19480.00000000
0.00000000
19490.00000000
0.00000000
19500.00000000
0.00000000
19510.00000000
0.00000000
19520.00000000
0.00000000
19530.00000000
0.00000000
19540.00000000
0.00000000
19550.00000000
0.00000000
19560.00000000
0.00000000
19570.00000000
0.00000000
19580.00000000
0.00000000
19590.00000000
0.00000000
19600.00000000
0.00000000
19610.00000000
0.00000000
19620.00000000
0.00000000
19630.00000000
0.00000000
19640.00000000
0.00000000
19650.00000000
0.00000000
19660.00000000
0.00000000
19670.00000000
0.00000000
19680.00000000
0.00000000
19690.00000000
0.00000000
19700.00000000
0.00000000
19710.00000000
0.00000000
19720.00000000
0.00000000
19730.00000000
0.00000000
19740.00000000
0.00000000
19750.00000000
0.00000000
19760.00000000
0.00000000
19770.00000000
0.00000000
19780.00000000
0.00000000
19790.00000000
0.00000000
19800.00000000
0.00000000
19810.00000000
0.00000000
19820.00000000
0.00000000
19830.00000000
0.00000000
19840.00000000
0.00000000
19850.00000000
0.00000000
19860.00000000
0.00000000
19870.00000000
0.00000000
19880.00000000
0.00000000
19890.00000000
0.00000000
19900.00000000
0.00000000
19910.00000000
0.00000000
19920.00000000
0.00000000
19930.00000000
0.00000000
19940.00000000
0.00000000
19950.00000000
0.00000000
19960.00000000
0.00000000
19970.00000000
0.00000000
19980.00000000
0.00000000
19990.00000000
0.00000000
20000.00000000
0.00000000
20010.00000000
0.00000000
20020.00000000
0.00000000
20030.00000000
0.00000000
20040.00000000
0.00000000
20050.00000000
0.00000000
20060.00000000
0.00000000
20070.00000000
0.00000000
20080.00000000
0.00000000
20090.00000000
0.00000000
20100.00000000
0.00000000
20110.00000000
0.00000000
20120.00000000
0.00000000
20130.00000000
0.00000000
20140.00000000
0.00000000
20150.00000000
0.00000000
20160.00000000
0.00000000
20170.00000000
0.00000000
20180.00000000
0.00000000
20190.00000000
0.00000000
20200.00000000
0.00000000
20210.00000000
0.00000000
20220.00000000
0.00000000
20230.00000000
0.00000000
20240.00000000
0.00000000
20250.00000000
0.00000000
20260.00000000
0.00000000
20270.00000000
0.00000000
20280.00000000
0.00000000
20290.00000000
0.00000000
20300.00000000
0.00000000
20310.00000000
0.00000000
20320.00000000
0.00000000
20330.00000000
0.00000000
20340.00000000
0.00000000
20350.00000000
0.00000000
20360.00000000
0.00000000
20370.00000000
0.00000000
20380.00000000
0.00000000
20390.00000000
0.00000000
20400.00000000
0.00000000
20410.00000000
0.00000000
20420.00000000
0.00000000
20430.00000000
0.00000000
20440.00000000
0.00000000
20450.00000000
0.00000000
20460.00000000
0.00000000
20470.00000000
0.00000000
20480.00000000
0.00000000
20490.00000000
0.00000000
20500.00000000
0.00000000
20510.00000000
0.00000000
20520.00000000
0.00000000
20530.00000000
0.00000000
20540.00000000
0.00000000
20550.00000000
0.00000000
20560.00000000
0.00000000
20570.00000000
0.00000000
20580.00000000
0.00000000
20590.00000000
0.00000000
20600.00000000
0.00000000
20610.00000000
0.00000000
20620.00000000
0.00000000
20630.00000000
0.00000000
20640.00000000
0.00000000
20650.00000000
0.00000000
20660.00000000
0.00000000
20670.00000000
0.00000000
20680.00000000
0.00000000
20690.00000000
0.00000000
20700.00000000
0.00000000
20710.00000000
0.00000000
20720.00000000
0.00000000
20730.00000000
0.00000000
20740.00000000
0.00000000
20750.00000000
0.00000000
20760.00000000
0.00000000
20770.00000000
0.00000000
20780.00000000
0.00000000
20790.00000000
0.00000000
20800.00000000
0.00000000
20810.00000000
0.00000000
20820.00000000
0.00000000
20830.00000000
0.00000000
20840.00000000
0.00000000
20850.00000000
0.00000000
20860.00000000
0.00000000
20870.00000000
0.00000000
20880.00000000
0.00000000
20890.00000000
0.00000000
20900.00000000
0.00000000
20910.00000000
0.00000000
20920.00000000
0.00000000
20930.00000000
0.00000000
20940.00000000
0.00000000
20950.00000000
0.00000000
20960.00000000
0.00000000
20970.00000000
0.00000000
20980.00000000
0.00000000
20990.00000000
0.00000000
21000.00000000
0.00000000
