   1   5  20                                    NZONE NSTR N1
  30   40                                       NNOD NTRI
   2   1  5.0                                   IVERT ISP BASE
 0.2 0.2 0.2 0.2 0.2                            ZRATIO(I) I=1,NSTR
 0.04 0.04 0.04 0.04 0.04 0.04
 0.03 0.03 0.03 0.03 0.03 0.03 
 0.02 0.02 0.02 0.02 0.02 0.02
 0.01 0.01 0.01 0.01 0.01 0.01
 0.05 0.05 0.05 0.05 0.00 0.05                  Z(I) I=1,NNOD
   1   7   8   1
   1   2   8   1
   2   8   9   1
   2   3   9   1 
   3   9   10  1
   3   4   10  1
   4  10   11  1
   4   5   11  1
   5  11   12  1
   5  6    12  1
   7  13   14  1
   7  8    14  1
   8  14   15  1
   8  9    15  1
   9  15   16  1
   9  10   16  1
   10 16   17  1
   10 11   17  1
   11 17   18  1
   11 12   18  1
   13 19   20  1
   13 14   20  1
   14 20   21  1
   14 15   21  1
   15 21   22  1
   15 16   22  1
   16 22   23  1
   16 17   23  1
   17 23   24  1
   17 18   24  1
   19 25   26  1
   19 20   26  1
   20 26   27  1
   20 21   27  1
   21 27   28  1
   21 22   28  1
   22 28   29  1
   22 23   29  1
   23 29   30  1
   23 24   30  1                    TRIANG(I,K) I=1,4 K=1,NTRI
  0.0 80.0 20.0 80.0 40.0 80.0 60.0 80.0 80.0 80.0 100.0 80.0
  0.0 60.0 20.0 60.0 40.0 60.0 60.0 60.0 80.0 60.0 100.0 60.0
  0.0 40.0 20.0 40.0 40.0 40.0 60.0 40.0 80.0 40.0 100.0 40.0
  0.0 20.0 20.0 20.0 40.0 20.0 60.0 20.0 80.0 20.0 100.0 20.0
  0.0 0.0  20.0 0.0  40.0 0.0  60.0 0.0  80.0 0.0  100.0 0.0       X(K) Y(K) K=1,NNOD

