#NSTP            DELTAT         TIME    POT. FLUX    ACT. FLUX    OVL. FLUX    RET. FLUX    SEEP FLUX    REC. FLUX     REC.VOL.
         1  1.00000E-02  1.00000E-02  0.00000E+00 -9.18446E-05  9.18446E-05 -9.18446E-05  0.00000E+00  4.80888E-05  4.80888E-09
         2  5.00000E-03  1.50000E-02  0.00000E+00 -9.66310E-05  1.00240E-04 -1.00240E-04  0.00000E+00  5.94041E-05  7.77908E-09
         3  5.50000E-03  2.05000E-02  0.00000E+00 -1.11191E-04  1.12012E-04 -1.12012E-04  0.00000E+00  7.11815E-05  1.16941E-08
         4  6.05000E-03  2.65500E-02  0.00000E+00 -1.19738E-04  1.20478E-04 -1.20478E-04  0.00000E+00  8.09119E-05  1.65892E-08
         5  6.65500E-03  3.32050E-02  0.00000E+00 -1.32095E-04  1.32696E-04 -1.32696E-04  0.00000E+00  9.55034E-05  2.29450E-08
         6  3.32750E-03  3.65325E-02  0.00000E+00 -1.30172E-04  1.36641E-04 -1.36641E-04  0.00000E+00  9.98685E-05  2.62681E-08
         7  3.66025E-03  4.01927E-02  0.00000E+00 -1.36000E-04  1.40722E-04 -1.40722E-04  0.00000E+00  1.04592E-04  3.00964E-08
         8  3.66025E-03  4.38530E-02  0.00000E+00 -1.40473E-04  1.44337E-04 -1.44337E-04  0.00000E+00  1.08714E-04  3.40756E-08
         9  4.02628E-03  4.78793E-02  0.00000E+00 -1.45563E-04  1.48159E-04 -1.48159E-04  0.00000E+00  1.13287E-04  3.86369E-08
        10  4.02628E-03  5.19056E-02  0.00000E+00 -1.49713E-04  1.51659E-04 -1.51659E-04  0.00000E+00  1.17563E-04  4.33703E-08
        11  4.02628E-03  5.59318E-02  0.00000E+00 -1.55317E-04  1.56759E-04 -1.56759E-04  0.00000E+00  1.23350E-04  4.83367E-08
        12  2.01314E-03  5.79450E-02  0.00000E+00 -1.52906E-04  1.58279E-04 -1.58279E-04  0.00000E+00  1.25187E-04  5.08569E-08
        13  2.21445E-03  6.01594E-02  0.00000E+00 -1.55999E-04  1.59879E-04 -1.59879E-04  0.00000E+00  1.27156E-04  5.36727E-08
        14  2.43590E-03  6.25953E-02  0.00000E+00 -1.58526E-04  1.61559E-04 -1.61559E-04  0.00000E+00  1.29248E-04  5.68210E-08
        15  2.67949E-03  6.52748E-02  0.00000E+00 -1.61181E-04  1.63531E-04 -1.63531E-04  0.00000E+00  1.31835E-04  6.03536E-08
        16  2.67949E-03  6.79543E-02  0.00000E+00 -1.63262E-04  1.65411E-04 -1.65411E-04  0.00000E+00  1.34336E-04  6.39531E-08
        17  2.67949E-03  7.06338E-02  0.00000E+00 -1.65305E-04  1.67264E-04 -1.67264E-04  0.00000E+00  1.36814E-04  6.76190E-08
        18  2.67949E-03  7.33133E-02  0.00000E+00 -1.67248E-04  1.69064E-04 -1.69064E-04  0.00000E+00  1.39242E-04  7.13500E-08
        19  2.67949E-03  7.59927E-02  0.00000E+00 -1.69996E-04  1.71662E-04 -1.71662E-04  0.00000E+00  1.43083E-04  7.51839E-08
        20  2.67949E-03  7.86722E-02  0.00000E+00 -1.71394E-04  1.73429E-04 -1.73429E-04  0.00000E+00  1.45475E-04  7.90818E-08
        21  2.67949E-03  8.13517E-02  0.00000E+00 -1.73881E-04  1.75561E-04 -1.75561E-04  0.00000E+00  1.48542E-04  8.30620E-08
        22  2.67949E-03  8.40312E-02  0.00000E+00 -1.75584E-04  1.77218E-04 -1.77218E-04  0.00000E+00  1.50824E-04  8.71033E-08
        23  2.67949E-03  8.67107E-02  0.00000E+00 -1.77760E-04  1.79066E-04 -1.79066E-04  0.00000E+00  1.53450E-04  9.12150E-08
        24  2.67949E-03  8.93902E-02  0.00000E+00 -1.79428E-04  1.80648E-04 -1.80648E-04  0.00000E+00  1.55655E-04  9.53857E-08
        25  2.67949E-03  9.20697E-02  0.00000E+00 -1.80966E-04  1.82018E-04 -1.82018E-04  0.00000E+00  1.57502E-04  9.96060E-08
        26  2.94743E-03  9.50171E-02  0.00000E+00 -1.83043E-04  1.83872E-04 -1.83872E-04  0.00000E+00  1.60172E-04  1.04327E-07
        27  2.94743E-03  9.79645E-02  0.00000E+00 -1.84283E-04  1.85299E-04 -1.85299E-04  0.00000E+00  1.62113E-04  1.09105E-07
        28  3.24218E-03  1.01207E-01  0.00000E+00 -1.86437E-04  1.87290E-04 -1.87290E-04  0.00000E+00  1.64963E-04  1.14453E-07
        29  3.24218E-03  1.04449E-01  0.00000E+00 -1.87906E-04  1.89007E-04 -1.89007E-04  0.00000E+00  1.67381E-04  1.19880E-07
        30  3.24218E-03  1.07691E-01  0.00000E+00 -1.89319E-04  1.90457E-04 -1.90457E-04  0.00000E+00  1.69382E-04  1.25372E-07
        31  3.56640E-03  1.11257E-01  0.00000E+00 -1.91444E-04  1.92388E-04 -1.92388E-04  0.00000E+00  1.72203E-04  1.31513E-07
        32  3.56640E-03  1.14824E-01  0.00000E+00 -1.94207E-04  1.95350E-04 -1.95350E-04  0.00000E+00  1.76280E-04  1.37800E-07
        33  3.56640E-03  1.18390E-01  0.00000E+00 -1.94938E-04  1.97071E-04 -1.97071E-04  0.00000E+00  1.78712E-04  1.44174E-07
        34  3.56640E-03  1.21957E-01  0.00000E+00 -1.97280E-04  1.99213E-04 -1.99213E-04  0.00000E+00  1.81858E-04  1.50660E-07
        35  3.56640E-03  1.25523E-01  0.00000E+00 -1.99355E-04  2.01344E-04 -2.01344E-04  0.00000E+00  1.84844E-04  1.57252E-07
        36  3.56640E-03  1.29089E-01  0.00000E+00 -2.00940E-04  2.02968E-04 -2.02968E-04  0.00000E+00  1.87161E-04  1.63927E-07
        37  3.56640E-03  1.32656E-01  0.00000E+00 -2.02656E-04  2.04353E-04 -2.04353E-04  0.00000E+00  1.89091E-04  1.70670E-07
        38  3.92304E-03  1.36579E-01  0.00000E+00 -2.05085E-04  2.06287E-04 -2.06287E-04  0.00000E+00  1.91897E-04  1.78199E-07
        39  3.92304E-03  1.40502E-01  0.00000E+00 -2.06569E-04  2.07929E-04 -2.07929E-04  0.00000E+00  1.94253E-04  1.85819E-07
        40  3.92304E-03  1.44425E-01  0.00000E+00 -2.08205E-04  2.09554E-04 -2.09554E-04  0.00000E+00  1.96586E-04  1.93531E-07
        41  3.92304E-03  1.48348E-01  0.00000E+00 -2.09734E-04  2.11158E-04 -2.11158E-04  0.00000E+00  1.98884E-04  2.01334E-07
        42  3.92304E-03  1.52271E-01  0.00000E+00 -2.11752E-04  2.12178E-04 -2.12178E-04  0.00000E+00  2.01204E-04  2.09227E-07
        43  3.92304E-03  1.56194E-01  0.00000E+00 -2.13613E-04  2.14212E-04 -2.14212E-04  0.00000E+00  2.03525E-04  2.17211E-07
        44  3.92304E-03  1.60117E-01  0.00000E+00 -2.15017E-04  2.15736E-04 -2.15736E-04  0.00000E+00  2.05705E-04  2.25281E-07
        45  3.92304E-03  1.64040E-01  0.00000E+00 -2.16305E-04  2.16994E-04 -2.16994E-04  0.00000E+00  2.07473E-04  2.33420E-07
        46  4.31534E-03  1.68355E-01  0.00000E+00 -2.18658E-04  2.19169E-04 -2.19169E-04  0.00000E+00  2.10753E-04  2.42515E-07
        47  4.31534E-03  1.72671E-01  0.00000E+00 -2.19819E-04  2.20725E-04 -2.20725E-04  0.00000E+00  2.12977E-04  2.51706E-07
        48  4.31534E-03  1.76986E-01  0.00000E+00 -2.21215E-04  2.22019E-04 -2.22019E-04  0.00000E+00  2.14792E-04  2.60975E-07
        49  4.74687E-03  1.81733E-01  0.00000E+00 -2.23082E-04  2.23619E-04 -2.23619E-04  0.00000E+00  2.17089E-04  2.71280E-07
        50  4.74687E-03  1.86480E-01  0.00000E+00 -2.24694E-04  2.25169E-04 -2.25169E-04  0.00000E+00  2.19321E-04  2.81691E-07
        51  4.74687E-03  1.91227E-01  0.00000E+00 -2.26281E-04  2.26880E-04 -2.26880E-04  0.00000E+00  2.21838E-04  2.92221E-07
        52  4.74687E-03  1.95974E-01  0.00000E+00 -2.27351E-04  2.28145E-04 -2.28145E-04  0.00000E+00  2.23617E-04  3.02836E-07
        53  5.22156E-03  2.01195E-01  0.00000E+00 -2.29063E-04  2.29691E-04 -2.29691E-04  0.00000E+00  2.25853E-04  3.14629E-07
        54  5.22156E-03  2.06417E-01  0.00000E+00 -2.30793E-04  2.31481E-04 -2.31481E-04  0.00000E+00  2.28453E-04  3.26558E-07
        55  5.22156E-03  2.11638E-01  0.00000E+00 -2.32027E-04  2.32961E-04 -2.32961E-04  0.00000E+00  2.30586E-04  3.38598E-07
        56  5.22156E-03  2.16860E-01  0.00000E+00 -2.33376E-04  2.34392E-04 -2.34392E-04  0.00000E+00  2.32660E-04  3.50746E-07
        57  5.22156E-03  2.22081E-01  0.00000E+00 -2.34548E-04  2.35575E-04 -2.35575E-04  0.00000E+00  2.34334E-04  3.62982E-07
        58  5.74372E-03  2.27825E-01  0.00000E+00 -2.37632E-04  2.38458E-04 -2.38458E-04  0.00000E+00  2.38214E-04  3.76665E-07
        59  5.74372E-03  2.33569E-01  0.00000E+00 -2.38138E-04  2.40245E-04 -2.40245E-04  0.00000E+00  2.40890E-04  3.90501E-07
        60  5.74372E-03  2.39313E-01  0.00000E+00 -2.39205E-04  2.41159E-04 -2.41159E-04  0.00000E+00  2.42523E-04  4.04431E-07
        61  6.31809E-03  2.45631E-01  0.00000E+00 -2.20896E-04  2.35378E-04 -2.35378E-04  0.00000E+00  2.44411E-04  4.19873E-07
        62  6.31809E-03  2.51949E-01  0.00000E+00 -2.31038E-04  2.44103E-04 -2.44103E-04  0.00000E+00  2.46462E-04  4.35444E-07
        63  6.31809E-03  2.58267E-01  0.00000E+00 -2.43235E-04  2.44379E-04 -2.44379E-04  0.00000E+00  2.46853E-04  4.51041E-07
        64  6.94990E-03  2.65217E-01  0.00000E+00 -2.45715E-04  2.46560E-04 -2.46560E-04  0.00000E+00  2.50474E-04  4.68448E-07
        65  6.94990E-03  2.72167E-01  0.00000E+00 -2.46875E-04  2.47930E-04 -2.47930E-04  0.00000E+00  2.52491E-04  4.85996E-07
        66  6.94990E-03  2.79117E-01  0.00000E+00 -2.48007E-04  2.49035E-04 -2.49035E-04  0.00000E+00  2.54078E-04  5.03654E-07
        67  7.64489E-03  2.86761E-01  0.00000E+00 -2.49641E-04  2.50383E-04 -2.50383E-04  0.00000E+00  2.56065E-04  5.23230E-07
        68  7.64489E-03  2.94406E-01  0.00000E+00 -2.51108E-04  2.51849E-04 -2.51849E-04  0.00000E+00  2.58285E-04  5.42976E-07
        69  7.64489E-03  3.02051E-01  0.00000E+00 -2.51991E-04  2.52896E-04 -2.52896E-04  0.00000E+00  2.59797E-04  5.62837E-07
        70  8.40937E-03  3.10461E-01  0.00000E+00 -2.53461E-04  2.54140E-04 -2.54140E-04  0.00000E+00  2.61664E-04  5.84841E-07
        71  8.40937E-03  3.18870E-01  0.00000E+00 -2.54657E-04  2.55332E-04 -2.55332E-04  0.00000E+00  2.63457E-04  6.06996E-07
        72  8.40937E-03  3.27279E-01  0.00000E+00 -2.55772E-04  2.56474E-04 -2.56474E-04  0.00000E+00  2.65180E-04  6.29296E-07
        73  8.40937E-03  3.35689E-01  0.00000E+00 -2.56618E-04  2.57386E-04 -2.57386E-04  0.00000E+00  2.66523E-04  6.51709E-07
        74  9.25031E-03  3.44939E-01  0.00000E+00 -2.57811E-04  2.58044E-04 -2.58044E-04  0.00000E+00  2.67563E-04  6.76460E-07
        75  1.01753E-02  3.55114E-01  0.00000E+00 -2.58974E-04  2.59102E-04 -2.59102E-04  0.00000E+00  2.69000E-04  7.03831E-07
        76  1.11929E-02  3.66307E-01  0.00000E+00 -2.60843E-04  2.60888E-04 -2.60888E-04  0.00000E+00  2.71655E-04  7.34237E-07
        77  1.11929E-02  3.77500E-01  0.00000E+00 -2.61576E-04  2.62117E-04 -2.62117E-04  0.00000E+00  2.73469E-04  7.64846E-07
        78  1.11929E-02  3.88693E-01  0.00000E+00 -2.62430E-04  2.63125E-04 -2.63125E-04  0.00000E+00  2.75041E-04  7.95631E-07
        79  1.11929E-02  3.99886E-01  0.00000E+00 -2.63200E-04  2.63903E-04 -2.63903E-04  0.00000E+00  2.76233E-04  8.26550E-07
        80  1.23122E-02  4.12198E-01  0.00000E+00 -2.64195E-04  2.64683E-04 -2.64683E-04  0.00000E+00  2.77441E-04  8.60709E-07
        81  1.35434E-02  4.25741E-01  0.00000E+00 -2.65143E-04  2.65460E-04 -2.65460E-04  0.00000E+00  2.78658E-04  8.98449E-07
        82  1.48977E-02  4.40639E-01  0.00000E+00 -2.66280E-04  2.66466E-04 -2.66466E-04  0.00000E+00  2.80240E-04  9.40198E-07
        83  1.48977E-02  4.55537E-01  0.00000E+00 -2.67146E-04  2.67461E-04 -2.67461E-04  0.00000E+00  2.81912E-04  9.82196E-07
        84  1.48977E-02  4.70435E-01  0.00000E+00 -2.67630E-04  2.68083E-04 -2.68083E-04  0.00000E+00  2.82924E-04  1.02435E-06
        85  1.63875E-02  4.86822E-01  0.00000E+00 -2.68380E-04  2.68686E-04 -2.68686E-04  0.00000E+00  2.83926E-04  1.07087E-06
        86  1.80262E-02  5.04848E-01  0.00000E+00 -2.69050E-04  2.69265E-04 -2.69265E-04  0.00000E+00  2.84909E-04  1.12223E-06
        87  1.98289E-02  5.24677E-01  0.00000E+00 -2.69828E-04  2.69965E-04 -2.69965E-04  0.00000E+00  2.86139E-04  1.17897E-06
        88  1.98289E-02  5.44506E-01  0.00000E+00 -2.70219E-04  2.70437E-04 -2.70437E-04  0.00000E+00  2.86984E-04  1.23588E-06
        89  2.18118E-02  5.66318E-01  0.00000E+00 -2.70736E-04  2.70874E-04 -2.70874E-04  0.00000E+00  2.87793E-04  1.29865E-06
        90  2.39929E-02  5.90311E-01  0.00000E+00 -2.71375E-04  2.71453E-04 -2.71453E-04  0.00000E+00  2.88730E-04  1.36792E-06
        91  2.39929E-02  6.14304E-01  0.00000E+00 -2.72262E-04  2.72486E-04 -2.72486E-04  0.00000E+00  2.90166E-04  1.43754E-06
        92  2.39929E-02  6.38297E-01  0.00000E+00 -2.72066E-04  2.72896E-04 -2.72896E-04  0.00000E+00  2.90998E-04  1.50736E-06
        93  2.39929E-02  6.62289E-01  0.00000E+00 -2.72250E-04  2.73118E-04 -2.73118E-04  0.00000E+00  2.91496E-04  1.57730E-06
        94  2.63922E-02  6.88682E-01  0.00000E+00 -2.72742E-04  2.73450E-04 -2.73450E-04  0.00000E+00  2.92219E-04  1.65442E-06
        95  2.63922E-02  7.15074E-01  0.00000E+00 -2.72843E-04  2.73599E-04 -2.73599E-04  0.00000E+00  2.92616E-04  1.73165E-06
        96  2.90314E-02  7.44105E-01  0.00000E+00 -2.73102E-04  2.73718E-04 -2.73718E-04  0.00000E+00  2.92979E-04  1.81671E-06
        97  3.19346E-02  7.76040E-01  0.00000E+00 -2.73431E-04  2.73936E-04 -2.73936E-04  0.00000E+00  2.93557E-04  1.91045E-06
        98  3.19346E-02  8.07975E-01  0.00000E+00 -2.73423E-04  2.73992E-04 -2.73992E-04  0.00000E+00  2.93833E-04  2.00429E-06
        99  3.51280E-02  8.43103E-01  0.00000E+00 -2.73562E-04  2.74021E-04 -2.74021E-04  0.00000E+00  2.93959E-04  2.10755E-06
       100  3.86409E-02  8.81743E-01  0.00000E+00 -2.73657E-04  2.74022E-04 -2.74022E-04  0.00000E+00  2.94154E-04  2.22121E-06
       101  4.25049E-02  9.24248E-01  0.00000E+00 -2.73701E-04  2.73997E-04 -2.73997E-04  0.00000E+00  2.94334E-04  2.34632E-06
       102  4.67554E-02  9.71004E-01  0.00000E+00 -2.73701E-04  2.73945E-04 -2.73945E-04  0.00000E+00  2.94401E-04  2.48397E-06
       103  5.14310E-02  1.02243E+00  0.00000E+00 -2.73669E-04  2.73868E-04 -2.73868E-04  0.00000E+00  2.94389E-04  2.63538E-06
       104  5.65741E-02  1.07901E+00  0.00000E+00 -2.73608E-04  2.73768E-04 -2.73768E-04  0.00000E+00  2.94141E-04  2.80178E-06
       105  6.22315E-02  1.14124E+00  0.00000E+00 -2.73659E-04  2.73785E-04 -2.73785E-04  0.00000E+00  2.93928E-04  2.98470E-06
       106  6.22315E-02  1.20347E+00  0.00000E+00 -2.74006E-04  2.74229E-04 -2.74229E-04  0.00000E+00  2.94014E-04  3.16767E-06
       107  6.22315E-02  1.26570E+00  0.00000E+00 -2.73511E-04  2.74220E-04 -2.74220E-04  0.00000E+00  2.94088E-04  3.35068E-06
       108  6.22315E-02  1.32793E+00  0.00000E+00 -2.73327E-04  2.74091E-04 -2.74091E-04  0.00000E+00  2.94061E-04  3.53368E-06
       109  6.84546E-02  1.39639E+00  0.00000E+00 -2.73307E-04  2.73948E-04 -2.73948E-04  0.00000E+00  2.93873E-04  3.73485E-06
       110  7.53001E-02  1.47169E+00  0.00000E+00 -2.73396E-04  2.73936E-04 -2.73936E-04  0.00000E+00  2.94030E-04  3.95626E-06
       111  7.53001E-02  1.54699E+00  0.00000E+00 -2.73134E-04  2.73784E-04 -2.73784E-04  0.00000E+00  2.93902E-04  4.17757E-06
       112  8.28301E-02  1.62982E+00  0.00000E+00 -2.73066E-04  2.73619E-04 -2.73619E-04  0.00000E+00  2.93722E-04  4.42086E-06
       113  9.11131E-02  1.72093E+00  0.00000E+00 -2.73195E-04  2.73668E-04 -2.73668E-04  0.00000E+00  2.93825E-04  4.68857E-06
       114  9.11131E-02  1.81205E+00  0.00000E+00 -2.72823E-04  2.73498E-04 -2.73498E-04  0.00000E+00  2.93663E-04  4.95613E-06
       115  1.00224E-01  1.91227E+00  0.00000E+00 -2.73038E-04  2.73628E-04 -2.73628E-04  0.00000E+00  2.93671E-04  5.25046E-06
       116  1.00224E-01  2.01249E+00  0.00000E+00 -2.72754E-04  2.73640E-04 -2.73640E-04  0.00000E+00  2.93390E-04  5.54451E-06
       117  1.00224E-01  2.11272E+00  0.00000E+00 -2.72607E-04  2.73591E-04 -2.73591E-04  0.00000E+00  2.93267E-04  5.83844E-06
       118  1.00224E-01  2.21294E+00  0.00000E+00 -2.72395E-04  2.73428E-04 -2.73428E-04  0.00000E+00  2.93089E-04  6.13219E-06
       119  1.10247E-01  2.32319E+00  0.00000E+00 -2.72376E-04  2.73250E-04 -2.73250E-04  0.00000E+00  2.92908E-04  6.45511E-06
       120  1.21272E-01  2.44446E+00  0.00000E+00 -2.72310E-04  2.73058E-04 -2.73058E-04  0.00000E+00  2.92751E-04  6.81013E-06
       121  1.33399E-01  2.57786E+00  0.00000E+00 -2.72390E-04  2.73066E-04 -2.73066E-04  0.00000E+00  2.92682E-04  7.20056E-06
       122  1.33399E-01  2.71126E+00  0.00000E+00 -2.71986E-04  2.72868E-04 -2.72868E-04  0.00000E+00  2.92604E-04  7.59089E-06
       123  1.46739E-01  2.85800E+00  0.00000E+00 -2.72176E-04  2.72976E-04 -2.72976E-04  0.00000E+00  2.92883E-04  8.02067E-06
       124  1.46739E-01  3.00474E+00  0.00000E+00 -2.71659E-04  2.72777E-04 -2.72777E-04  0.00000E+00  2.92748E-04  8.45024E-06
       125  1.61412E-01  3.16615E+00  0.00000E+00 -2.71558E-04  2.72560E-04 -2.72560E-04  0.00000E+00  2.92572E-04  8.92249E-06
       126  1.77554E-01  3.34370E+00  0.00000E+00 -2.71684E-04  2.72585E-04 -2.72585E-04  0.00000E+00  2.92642E-04  9.44208E-06
       127  1.77554E-01  3.52126E+00  0.00000E+00 -2.71234E-04  2.72369E-04 -2.72369E-04  0.00000E+00  2.92544E-04  9.96151E-06
       128  1.95309E-01  3.71657E+00  0.00000E+00 -2.71124E-04  2.72134E-04 -2.72134E-04  0.00000E+00  2.92301E-04  1.05324E-05
       129  2.14840E-01  3.93141E+00  0.00000E+00 -2.70978E-04  2.71880E-04 -2.71880E-04  0.00000E+00  2.92108E-04  1.11600E-05
       130  2.36324E-01  4.16773E+00  0.00000E+00 -2.71002E-04  2.71811E-04 -2.71811E-04  0.00000E+00  2.92051E-04  1.18501E-05
       131  2.36324E-01  4.40405E+00  0.00000E+00 -2.70549E-04  2.71555E-04 -2.71555E-04  0.00000E+00  2.91984E-04  1.25402E-05
       132  2.59956E-01  4.66401E+00  0.00000E+00 -2.70384E-04  2.71278E-04 -2.71278E-04  0.00000E+00  2.91792E-04  1.32987E-05
       133  2.85952E-01  4.94996E+00  0.00000E+00 -2.70327E-04  2.71124E-04 -2.71124E-04  0.00000E+00  2.91704E-04  1.41328E-05
       134  2.85952E-01  5.23591E+00  0.00000E+00 -2.69932E-04  2.70842E-04 -2.70842E-04  0.00000E+00  2.91601E-04  1.49667E-05
       135  3.14547E-01  5.55046E+00  0.00000E+00 -2.69731E-04  2.70538E-04 -2.70538E-04  0.00000E+00  2.91381E-04  1.58832E-05
       136  3.46002E-01  5.89646E+00  0.00000E+00 -2.69491E-04  2.70213E-04 -2.70213E-04  0.00000E+00  2.91271E-04  1.68910E-05
       137  3.80602E-01  6.27706E+00  0.00000E+00 -2.69393E-04  2.70036E-04 -2.70036E-04  0.00000E+00  2.91231E-04  1.79994E-05
       138  3.80602E-01  6.65767E+00  0.00000E+00 -2.68901E-04  2.69709E-04 -2.69709E-04  0.00000E+00  2.91167E-04  1.91076E-05
       139  4.18662E-01  7.07633E+00  0.00000E+00 -2.69462E-04  2.70167E-04 -2.70167E-04  0.00000E+00  2.91869E-04  2.03296E-05
       140  4.18662E-01  7.49499E+00  0.00000E+00 -2.68345E-04  2.69856E-04 -2.69856E-04  0.00000E+00  2.91801E-04  2.15512E-05
       141  4.60528E-01  7.95552E+00  0.00000E+00 -2.68176E-04  2.69517E-04 -2.69517E-04  0.00000E+00  2.91694E-04  2.28946E-05
       142  5.06581E-01  8.46210E+00  0.00000E+00 -2.67948E-04  2.69151E-04 -2.69151E-04  0.00000E+00  2.91509E-04  2.43713E-05
       143  5.57239E-01  9.01934E+00  0.00000E+00 -2.68315E-04  2.69392E-04 -2.69392E-04  0.00000E+00  2.91595E-04  2.59962E-05
       144  5.57239E-01  9.57658E+00  0.00000E+00 -2.67350E-04  2.69029E-04 -2.69029E-04  0.00000E+00  2.91534E-04  2.76207E-05
       145  6.12963E-01  1.01895E+01  0.00000E+00 -2.67145E-04  2.68637E-04 -2.68637E-04  0.00000E+00  2.91329E-04  2.94065E-05
       146  6.74260E-01  1.08638E+01  0.00000E+00 -2.67249E-04  2.68571E-04 -2.68571E-04  0.00000E+00  2.91597E-04  3.13726E-05
       147  6.74260E-01  1.15381E+01  0.00000E+00 -2.66542E-04  2.68183E-04 -2.68183E-04  0.00000E+00  2.91291E-04  3.33366E-05
       148  7.41686E-01  1.22797E+01  0.00000E+00 -2.66327E-04  2.67761E-04 -2.67761E-04  0.00000E+00  2.91145E-04  3.54960E-05
       149  8.15854E-01  1.30956E+01  0.00000E+00 -2.66060E-04  2.67303E-04 -2.67303E-04  0.00000E+00  2.90785E-04  3.78684E-05
       150  8.97440E-01  1.39930E+01  0.00000E+00 -2.65742E-04  2.66814E-04 -2.66814E-04  0.00000E+00  2.90187E-04  4.04727E-05
       151  9.87184E-01  1.49802E+01  0.00000E+00 -2.65369E-04  2.66293E-04 -2.66293E-04  0.00000E+00  2.89671E-04  4.33322E-05
       152  1.08590E+00  1.60661E+01  0.00000E+00 -2.64945E-04  2.65746E-04 -2.65746E-04  0.00000E+00  2.88552E-04  4.64656E-05
       153  1.19449E+00  1.72606E+01  0.00000E+00 -2.64660E-04  2.65352E-04 -2.65352E-04  0.00000E+00  2.87976E-04  4.99055E-05
       154  1.19449E+00  1.84551E+01  0.00000E+00 -2.64163E-04  2.64990E-04 -2.64990E-04  0.00000E+00  2.87571E-04  5.33405E-05
       155  1.19449E+00  1.96496E+01  0.00000E+00 -2.63549E-04  2.64494E-04 -2.64494E-04  0.00000E+00  2.87052E-04  5.67693E-05
       156  1.31394E+00  2.09635E+01  0.00000E+00 -2.63184E-04  2.63957E-04 -2.63957E-04  0.00000E+00  2.86365E-04  6.05320E-05
       157  1.44534E+00  2.24089E+01  0.00000E+00 -2.62766E-04  2.63380E-04 -2.63380E-04  0.00000E+00  2.85270E-04  6.46551E-05
       158  1.58987E+00  2.39988E+01  0.00000E+00 -2.62566E-04  2.63041E-04 -2.63041E-04  0.00000E+00  2.84918E-04  6.91849E-05
       159  1.58987E+00  2.55886E+01  0.00000E+00 -2.61764E-04  2.62481E-04 -2.62481E-04  0.00000E+00  2.84133E-04  7.37022E-05
       160  1.74886E+00  2.73375E+01  0.00000E+00 -2.62114E-04  2.62697E-04 -2.62697E-04  0.00000E+00  2.84317E-04  7.86745E-05
       161  1.74886E+00  2.90863E+01  0.00000E+00 -2.60754E-04  2.62193E-04 -2.62193E-04  0.00000E+00  2.83828E-04  8.36383E-05
       162  1.92374E+00  3.10101E+01  0.00000E+00 -2.60425E-04  2.61618E-04 -2.61618E-04  0.00000E+00  2.83238E-04  8.90870E-05
       163  2.11612E+00  3.31262E+01  0.00000E+00 -2.60469E-04  2.61445E-04 -2.61445E-04  0.00000E+00  2.83309E-04  9.50822E-05
       164  2.11612E+00  3.52423E+01  0.00000E+00 -2.59465E-04  2.60885E-04 -2.60885E-04  0.00000E+00  2.82803E-04  1.01067E-04
       165  2.32773E+00  3.75700E+01  0.00000E+00 -2.59064E-04  2.60259E-04 -2.60259E-04  0.00000E+00  2.82236E-04  1.07636E-04
       166  2.56050E+00  4.01305E+01  0.00000E+00 -2.58561E-04  2.59575E-04 -2.59575E-04  0.00000E+00  2.81588E-04  1.14846E-04
       167  2.81655E+00  4.29471E+01  0.00000E+00 -2.58004E-04  2.58852E-04 -2.58852E-04  0.00000E+00  2.81096E-04  1.22764E-04
       168  3.09821E+00  4.60453E+01  0.00000E+00 -2.57592E-04  2.58285E-04 -2.58285E-04  0.00000E+00  2.80495E-04  1.31454E-04
       169  3.40803E+00  4.94533E+01  0.00000E+00 -2.57351E-04  2.58093E-04 -2.58093E-04  0.00000E+00  2.80513E-04  1.41014E-04
       170  3.40803E+00  5.28613E+01  0.00000E+00 -2.56143E-04  2.57414E-04 -2.57414E-04  0.00000E+00  2.79985E-04  1.50556E-04
       171  3.74883E+00  5.66102E+01  0.00000E+00 -2.56084E-04  2.57082E-04 -2.57082E-04  0.00000E+00  2.79689E-04  1.61041E-04
       172  4.12371E+00  6.07339E+01  0.00000E+00 -2.55420E-04  2.56631E-04 -2.56631E-04  0.00000E+00  2.79218E-04  1.72555E-04
       173  4.53608E+00  6.52700E+01  0.00000E+00 -2.54539E-04  2.55825E-04 -2.55825E-04  0.00000E+00  2.78339E-04  1.85181E-04
       174  4.53608E+00  6.98060E+01  0.00000E+00 -2.53893E-04  2.55034E-04 -2.55034E-04  0.00000E+00  2.77283E-04  1.97758E-04
       175  4.98969E+00  7.47957E+01  0.00000E+00 -2.53896E-04  2.54810E-04 -2.54810E-04  0.00000E+00  2.76897E-04  2.11575E-04
       176  4.98969E+00  7.97854E+01  0.00000E+00 -2.52708E-04  2.54287E-04 -2.54287E-04  0.00000E+00  2.75950E-04  2.25344E-04
       177  5.48866E+00  8.52741E+01  0.00000E+00 -2.51917E-04  2.53476E-04 -2.53476E-04  0.00000E+00  2.74816E-04  2.40428E-04
       178  6.03753E+00  9.13116E+01  0.00000E+00 -2.51533E-04  2.52815E-04 -2.52815E-04  0.00000E+00  2.74009E-04  2.56971E-04
       179  6.64128E+00  9.79529E+01  0.00000E+00 -2.50539E-04  2.51860E-04 -2.51860E-04  0.00000E+00  2.72468E-04  2.75066E-04
       180  7.30541E+00  1.05258E+02  0.00000E+00 -2.49969E-04  2.51017E-04 -2.51017E-04  0.00000E+00  2.71561E-04  2.94905E-04
       181  8.03595E+00  1.13294E+02  0.00000E+00 -2.49445E-04  2.50500E-04 -2.50500E-04  0.00000E+00  2.70774E-04  3.16664E-04
       182  8.83954E+00  1.22134E+02  0.00000E+00 -2.47949E-04  2.49486E-04 -2.49486E-04  0.00000E+00  2.69638E-04  3.40499E-04
       183  9.72350E+00  1.31857E+02  0.00000E+00 -2.47318E-04  2.48568E-04 -2.48568E-04  0.00000E+00  2.68967E-04  3.66652E-04
       184  1.00000E+01  1.41857E+02  0.00000E+00 -2.46403E-04  2.47823E-04 -2.47823E-04  0.00000E+00  2.68169E-04  3.93469E-04
       185  1.00000E+01  1.51857E+02  0.00000E+00 -2.45325E-04  2.47042E-04 -2.47042E-04  0.00000E+00  2.67228E-04  4.20192E-04
       186  1.00000E+01  1.61857E+02  0.00000E+00 -2.44498E-04  2.46333E-04 -2.46333E-04  0.00000E+00  2.66468E-04  4.46839E-04
       187  1.00000E+01  1.71857E+02  0.00000E+00 -2.43436E-04  2.45419E-04 -2.45419E-04  0.00000E+00  2.65538E-04  4.73392E-04
       188  1.00000E+01  1.81857E+02  0.00000E+00 -2.42706E-04  2.44435E-04 -2.44435E-04  0.00000E+00  2.64551E-04  4.99847E-04
       189  1.00000E+01  1.91857E+02  0.00000E+00 -2.41902E-04  2.43447E-04 -2.43447E-04  0.00000E+00  2.63296E-04  5.26177E-04
       190  5.00000E+00  1.96857E+02  0.00000E+00 -2.40460E-04  2.42762E-04 -2.42762E-04  0.00000E+00  2.62533E-04  5.39304E-04
       191  5.50000E+00  2.02357E+02  0.00000E+00 -2.40552E-04  2.42418E-04 -2.42418E-04  0.00000E+00  2.62338E-04  5.53732E-04
       192  6.05000E+00  2.08407E+02  0.00000E+00 -2.40636E-04  2.42161E-04 -2.42161E-04  0.00000E+00  2.61923E-04  5.69579E-04
       193  6.65500E+00  2.15062E+02  0.00000E+00 -2.39919E-04  2.41519E-04 -2.41519E-04  0.00000E+00  2.61190E-04  5.86961E-04
       194  6.65500E+00  2.21717E+02  0.00000E+00 -2.39438E-04  2.40885E-04 -2.40885E-04  0.00000E+00  2.60692E-04  6.04310E-04
       195  7.32050E+00  2.29038E+02  0.00000E+00 -2.38999E-04  2.40162E-04 -2.40162E-04  0.00000E+00  2.59895E-04  6.23335E-04
       196  8.05255E+00  2.37090E+02  0.00000E+00 -2.38776E-04  2.39688E-04 -2.39688E-04  0.00000E+00  2.59095E-04  6.44199E-04
       197  8.85781E+00  2.45948E+02  0.00000E+00 -2.38597E-04  2.39613E-04 -2.39613E-04  0.00000E+00  2.59156E-04  6.67155E-04
       198  9.74359E+00  2.55692E+02  0.00000E+00 -2.38078E-04  2.39671E-04 -2.39671E-04  0.00000E+00  2.58761E-04  6.92367E-04
       199  9.74359E+00  2.65435E+02  0.00000E+00 -2.37122E-04  2.39192E-04 -2.39192E-04  0.00000E+00  2.57696E-04  7.17476E-04
       200  1.00000E+01  2.75435E+02  0.00000E+00 -2.36328E-04  2.38425E-04 -2.38425E-04  0.00000E+00  2.56888E-04  7.43165E-04
       201  1.00000E+01  2.85435E+02  0.00000E+00 -2.35823E-04  2.37597E-04 -2.37597E-04  0.00000E+00  2.56152E-04  7.68780E-04
       202  1.00000E+01  2.95435E+02  0.00000E+00 -2.35540E-04  2.37026E-04 -2.37026E-04  0.00000E+00  2.55644E-04  7.94345E-04
       203  1.00000E+01  3.05435E+02  0.00000E+00 -2.34647E-04  2.36284E-04 -2.36284E-04  0.00000E+00  2.54577E-04  8.19802E-04
       204  1.00000E+01  3.15435E+02  0.00000E+00 -2.35458E-04  2.36831E-04 -2.36831E-04  0.00000E+00  2.54847E-04  8.45287E-04
       205  1.00000E+01  3.25435E+02  0.00000E+00 -2.33496E-04  2.36311E-04 -2.36311E-04  0.00000E+00  2.54182E-04  8.70705E-04
       206  1.00000E+01  3.35435E+02  0.00000E+00 -2.33169E-04  2.35626E-04 -2.35626E-04  0.00000E+00  2.52997E-04  8.96005E-04
       207  1.00000E+01  3.45435E+02  0.00000E+00 -2.32733E-04  2.34868E-04 -2.34868E-04  0.00000E+00  2.52362E-04  9.21241E-04
       208  1.00000E+01  3.55435E+02  0.00000E+00 -2.32258E-04  2.34102E-04 -2.34102E-04  0.00000E+00  2.51752E-04  9.46416E-04
       209  1.00000E+01  3.65435E+02  0.00000E+00 -2.31776E-04  2.33352E-04 -2.33352E-04  0.00000E+00  2.50864E-04  9.71503E-04
       210  1.00000E+01  3.75435E+02  0.00000E+00 -2.31247E-04  2.32621E-04 -2.32621E-04  0.00000E+00  2.50361E-04  9.96539E-04
       211  1.00000E+01  3.85435E+02  0.00000E+00 -2.30715E-04  2.31905E-04 -2.31905E-04  0.00000E+00  2.49682E-04  1.02151E-03
       212  1.00000E+01  3.95435E+02  0.00000E+00 -2.30163E-04  2.31215E-04 -2.31215E-04  0.00000E+00  2.49157E-04  1.04642E-03
       213  1.00000E+01  4.05435E+02  0.00000E+00 -2.29947E-04  2.30873E-04 -2.30873E-04  0.00000E+00  2.48456E-04  1.07127E-03
       214  1.00000E+01  4.15435E+02  0.00000E+00 -2.29066E-04  2.30297E-04 -2.30297E-04  0.00000E+00  2.47982E-04  1.09607E-03
       215  1.00000E+01  4.25435E+02  0.00000E+00 -2.28590E-04  2.29682E-04 -2.29682E-04  0.00000E+00  2.47106E-04  1.12078E-03
       216  1.00000E+01  4.35435E+02  0.00000E+00 -2.28408E-04  2.29368E-04 -2.29368E-04  0.00000E+00  2.46834E-04  1.14546E-03
       217  1.00000E+01  4.45435E+02  0.00000E+00 -2.27576E-04  2.28843E-04 -2.28843E-04  0.00000E+00  2.46147E-04  1.17008E-03
       218  1.00000E+01  4.55435E+02  0.00000E+00 -2.27163E-04  2.28255E-04 -2.28255E-04  0.00000E+00  2.45658E-04  1.19464E-03
       219  1.00000E+01  4.65435E+02  0.00000E+00 -2.26689E-04  2.27645E-04 -2.27645E-04  0.00000E+00  2.45277E-04  1.21917E-03
       220  1.00000E+01  4.75435E+02  0.00000E+00 -2.26180E-04  2.27035E-04 -2.27035E-04  0.00000E+00  2.44298E-04  1.24360E-03
       221  1.00000E+01  4.85435E+02  0.00000E+00 -2.26379E-04  2.27136E-04 -2.27136E-04  0.00000E+00  2.44324E-04  1.26803E-03
       222  1.00000E+01  4.95435E+02  0.00000E+00 -2.25112E-04  2.26732E-04 -2.26732E-04  0.00000E+00  2.43765E-04  1.29241E-03
       223  1.00000E+01  5.05435E+02  0.00000E+00 -2.25674E-04  2.27101E-04 -2.27101E-04  0.00000E+00  2.44039E-04  1.31681E-03
       224  1.00000E+01  5.15435E+02  0.00000E+00 -2.24318E-04  2.26713E-04 -2.26713E-04  0.00000E+00  2.43431E-04  1.34115E-03
       225  1.00000E+01  5.25435E+02  0.00000E+00 -2.24551E-04  2.26652E-04 -2.26652E-04  0.00000E+00  2.43305E-04  1.36548E-03
       226  1.00000E+01  5.35435E+02  0.00000E+00 -2.23656E-04  2.26165E-04 -2.26165E-04  0.00000E+00  2.42883E-04  1.38977E-03
       227  1.00000E+01  5.45435E+02  0.00000E+00 -2.23362E-04  2.25581E-04 -2.25581E-04  0.00000E+00  2.42166E-04  1.41399E-03
       228  1.00000E+01  5.55435E+02  0.00000E+00 -2.23018E-04  2.24962E-04 -2.24962E-04  0.00000E+00  2.41622E-04  1.43815E-03
       229  1.00000E+01  5.65435E+02  0.00000E+00 -2.23011E-04  2.24709E-04 -2.24709E-04  0.00000E+00  2.40865E-04  1.46224E-03
       230  1.00000E+01  5.75435E+02  0.00000E+00 -2.22237E-04  2.24174E-04 -2.24174E-04  0.00000E+00  2.40332E-04  1.48627E-03
       231  1.00000E+01  5.85435E+02  0.00000E+00 -2.21920E-04  2.23578E-04 -2.23578E-04  0.00000E+00  2.39657E-04  1.51024E-03
       232  1.00000E+01  5.95435E+02  0.00000E+00 -2.22443E-04  2.23834E-04 -2.23834E-04  0.00000E+00  2.39944E-04  1.53423E-03
       233  1.00000E+01  6.05435E+02  0.00000E+00 -2.21624E-04  2.23660E-04 -2.23660E-04  0.00000E+00  2.39537E-04  1.55819E-03
       234  1.00000E+01  6.15435E+02  0.00000E+00 -2.21028E-04  2.23174E-04 -2.23174E-04  0.00000E+00  2.39050E-04  1.58209E-03
       235  1.00000E+01  6.25435E+02  0.00000E+00 -2.20844E-04  2.22597E-04 -2.22597E-04  0.00000E+00  2.38502E-04  1.60594E-03
       236  1.00000E+01  6.35435E+02  0.00000E+00 -2.20573E-04  2.21991E-04 -2.21991E-04  0.00000E+00  2.38078E-04  1.62975E-03
       237  1.00000E+01  6.45435E+02  0.00000E+00 -2.20266E-04  2.21383E-04 -2.21383E-04  0.00000E+00  2.37314E-04  1.65348E-03
       238  1.00000E+01  6.55435E+02  0.00000E+00 -2.19904E-04  2.20796E-04 -2.20796E-04  0.00000E+00  2.36697E-04  1.67715E-03
       239  1.00000E+01  6.65435E+02  0.00000E+00 -2.20226E-04  2.20912E-04 -2.20912E-04  0.00000E+00  2.36396E-04  1.70079E-03
       240  1.00000E+01  6.75435E+02  0.00000E+00 -2.19001E-04  2.20530E-04 -2.20530E-04  0.00000E+00  2.35999E-04  1.72439E-03
       241  1.00000E+01  6.85435E+02  0.00000E+00 -2.18741E-04  2.20068E-04 -2.20068E-04  0.00000E+00  2.35617E-04  1.74795E-03
       242  1.00000E+01  6.95435E+02  0.00000E+00 -2.18396E-04  2.19567E-04 -2.19567E-04  0.00000E+00  2.34995E-04  1.77145E-03
       243  1.00000E+01  7.05435E+02  0.00000E+00 -2.19259E-04  2.20283E-04 -2.20283E-04  0.00000E+00  2.35297E-04  1.79498E-03
       244  1.00000E+01  7.15435E+02  0.00000E+00 -2.17606E-04  2.20005E-04 -2.20005E-04  0.00000E+00  2.34707E-04  1.81845E-03
       245  1.00000E+01  7.25435E+02  0.00000E+00 -2.17781E-04  2.19946E-04 -2.19946E-04  0.00000E+00  2.34623E-04  1.84191E-03
       246  1.00000E+01  7.35435E+02  0.00000E+00 -2.17111E-04  2.19538E-04 -2.19538E-04  0.00000E+00  2.34165E-04  1.86533E-03
       247  1.00000E+01  7.45435E+02  0.00000E+00 -2.16851E-04  2.19050E-04 -2.19050E-04  0.00000E+00  2.33475E-04  1.88868E-03
       248  1.00000E+01  7.55435E+02  0.00000E+00 -2.16551E-04  2.18538E-04 -2.18538E-04  0.00000E+00  2.33003E-04  1.91198E-03
       249  1.00000E+01  7.65435E+02  0.00000E+00 -2.16234E-04  2.18021E-04 -2.18021E-04  0.00000E+00  2.32543E-04  1.93523E-03
       250  1.00000E+01  7.75435E+02  0.00000E+00 -2.16324E-04  2.17919E-04 -2.17919E-04  0.00000E+00  2.32423E-04  1.95847E-03
       251  1.00000E+01  7.85435E+02  0.00000E+00 -2.15541E-04  2.17509E-04 -2.17509E-04  0.00000E+00  2.32044E-04  1.98168E-03
       252  1.00000E+01  7.95435E+02  0.00000E+00 -2.15296E-04  2.17027E-04 -2.17027E-04  0.00000E+00  2.31496E-04  2.00483E-03
       253  1.00000E+01  8.05435E+02  0.00000E+00 -2.15019E-04  2.16527E-04 -2.16527E-04  0.00000E+00  2.31094E-04  2.02794E-03
       254  1.00000E+01  8.15435E+02  0.00000E+00 -2.14726E-04  2.16023E-04 -2.16023E-04  0.00000E+00  2.30458E-04  2.05098E-03
       255  1.00000E+01  8.25435E+02  0.00000E+00 -2.14428E-04  2.15522E-04 -2.15522E-04  0.00000E+00  2.29972E-04  2.07398E-03
       256  1.00000E+01  8.35435E+02  0.00000E+00 -2.14470E-04  2.15396E-04 -2.15396E-04  0.00000E+00  2.29941E-04  2.09697E-03
       257  1.00000E+01  8.45435E+02  0.00000E+00 -2.13693E-04  2.15022E-04 -2.15022E-04  0.00000E+00  2.29578E-04  2.11993E-03
       258  1.00000E+01  8.55435E+02  0.00000E+00 -2.13383E-04  2.14592E-04 -2.14592E-04  0.00000E+00  2.29119E-04  2.14284E-03
       259  1.00000E+01  8.65435E+02  0.00000E+00 -2.13045E-04  2.14142E-04 -2.14142E-04  0.00000E+00  2.28483E-04  2.16569E-03
       260  1.00000E+01  8.75435E+02  0.00000E+00 -2.12700E-04  2.13692E-04 -2.13692E-04  0.00000E+00  2.28159E-04  2.18851E-03
       261  1.00000E+01  8.85435E+02  0.00000E+00 -2.12353E-04  2.13244E-04 -2.13244E-04  0.00000E+00  2.27800E-04  2.21129E-03
       262  1.00000E+01  8.95435E+02  0.00000E+00 -2.12004E-04  2.12800E-04 -2.12800E-04  0.00000E+00  2.27096E-04  2.23400E-03
       263  1.00000E+01  9.05435E+02  0.00000E+00 -2.11659E-04  2.12362E-04 -2.12362E-04  0.00000E+00  2.26719E-04  2.25667E-03
       264  1.00000E+01  9.15435E+02  0.00000E+00 -2.11314E-04  2.11930E-04 -2.11930E-04  0.00000E+00  2.26323E-04  2.27930E-03
       265  1.00000E+01  9.25435E+02  0.00000E+00 -2.10948E-04  2.11510E-04 -2.11510E-04  0.00000E+00  2.25941E-04  2.30190E-03
       266  1.00000E+01  9.35435E+02  0.00000E+00 -2.10588E-04  2.11097E-04 -2.11097E-04  0.00000E+00  2.25619E-04  2.32446E-03
       267  1.00000E+01  9.45435E+02  0.00000E+00 -2.10735E-04  2.11194E-04 -2.11194E-04  0.00000E+00  2.25420E-04  2.34700E-03
       268  1.00000E+01  9.55435E+02  0.00000E+00 -2.09855E-04  2.10896E-04 -2.10896E-04  0.00000E+00  2.25145E-04  2.36951E-03
       269  1.00000E+01  9.65435E+02  0.00000E+00 -2.09589E-04  2.10531E-04 -2.10531E-04  0.00000E+00  2.24764E-04  2.39199E-03
       270  1.00000E+01  9.75435E+02  0.00000E+00 -2.09779E-04  2.10654E-04 -2.10654E-04  0.00000E+00  2.24345E-04  2.41443E-03
       271  1.00000E+01  9.85435E+02  0.00000E+00 -2.09337E-04  2.10823E-04 -2.10823E-04  0.00000E+00  2.24383E-04  2.43686E-03
       272  1.00000E+01  9.95435E+02  0.00000E+00 -2.08993E-04  2.10923E-04 -2.10923E-04  0.00000E+00  2.24307E-04  2.45929E-03
       273  1.00000E+01  1.00544E+03  0.00000E+00 -2.08402E-04  2.10647E-04 -2.10647E-04  0.00000E+00  2.24088E-04  2.48170E-03
       274  1.00000E+01  1.01544E+03  0.00000E+00 -2.08232E-04  2.10257E-04 -2.10257E-04  0.00000E+00  2.23695E-04  2.50407E-03
       275  1.00000E+01  1.02544E+03  0.00000E+00 -2.08625E-04  2.10445E-04 -2.10445E-04  0.00000E+00  2.23718E-04  2.52644E-03
       276  1.00000E+01  1.03544E+03  0.00000E+00 -2.08485E-04  2.10955E-04 -2.10955E-04  0.00000E+00  2.23724E-04  2.54882E-03
       277  1.00000E+01  1.04544E+03  0.00000E+00 -2.07596E-04  2.10632E-04 -2.10632E-04  0.00000E+00  2.23344E-04  2.57115E-03
       278  1.00000E+01  1.05544E+03  0.00000E+00 -2.07546E-04  2.10203E-04 -2.10203E-04  0.00000E+00  2.22999E-04  2.59345E-03
       279  1.00000E+01  1.06544E+03  0.00000E+00 -2.07833E-04  2.10151E-04 -2.10151E-04  0.00000E+00  2.22945E-04  2.61575E-03
       280  1.00000E+01  1.07544E+03  0.00000E+00 -2.07227E-04  2.09758E-04 -2.09758E-04  0.00000E+00  2.22560E-04  2.63800E-03
       281  1.00000E+01  1.08544E+03  0.00000E+00 -2.07114E-04  2.09295E-04 -2.09295E-04  0.00000E+00  2.22105E-04  2.66021E-03
       282  1.00000E+01  1.09544E+03  0.00000E+00 -2.06947E-04  2.08801E-04 -2.08801E-04  0.00000E+00  2.21666E-04  2.68238E-03
       283  1.00000E+01  1.10544E+03  0.00000E+00 -2.07129E-04  2.08676E-04 -2.08676E-04  0.00000E+00  2.21510E-04  2.70453E-03
       284  1.00000E+01  1.11544E+03  0.00000E+00 -2.06929E-04  2.08688E-04 -2.08688E-04  0.00000E+00  2.21425E-04  2.72667E-03
       285  1.00000E+01  1.12544E+03  0.00000E+00 -2.06367E-04  2.08312E-04 -2.08312E-04  0.00000E+00  2.21095E-04  2.74878E-03
       286  1.00000E+01  1.13544E+03  0.00000E+00 -2.06191E-04  2.07869E-04 -2.07869E-04  0.00000E+00  2.20601E-04  2.77084E-03
       287  1.00000E+01  1.14544E+03  0.00000E+00 -2.05963E-04  2.07407E-04 -2.07407E-04  0.00000E+00  2.20348E-04  2.79288E-03
       288  1.00000E+01  1.15544E+03  0.00000E+00 -2.05708E-04  2.06949E-04 -2.06949E-04  0.00000E+00  2.20026E-04  2.81488E-03
       289  1.00000E+01  1.16544E+03  0.00000E+00 -2.05434E-04  2.06503E-04 -2.06503E-04  0.00000E+00  2.19597E-04  2.83684E-03
       290  1.00000E+01  1.17544E+03  0.00000E+00 -2.05164E-04  2.06068E-04 -2.06068E-04  0.00000E+00  2.19316E-04  2.85877E-03
       291  1.00000E+01  1.18544E+03  0.00000E+00 -2.05772E-04  2.06518E-04 -2.06518E-04  0.00000E+00  2.19486E-04  2.88072E-03
       292  1.00000E+01  1.19544E+03  0.00000E+00 -2.04600E-04  2.06232E-04 -2.06232E-04  0.00000E+00  2.19034E-04  2.90262E-03
       293  1.00000E+01  1.20544E+03  0.00000E+00 -2.04478E-04  2.05857E-04 -2.05857E-04  0.00000E+00  2.18796E-04  2.92450E-03
       294  1.00000E+01  1.21544E+03  0.00000E+00 -2.04278E-04  2.05446E-04 -2.05446E-04  0.00000E+00  2.18360E-04  2.94634E-03
       295  1.00000E+01  1.22544E+03  0.00000E+00 -2.04048E-04  2.05027E-04 -2.05027E-04  0.00000E+00  2.17751E-04  2.96811E-03
       296  1.00000E+01  1.23544E+03  0.00000E+00 -2.03807E-04  2.04610E-04 -2.04610E-04  0.00000E+00  2.17369E-04  2.98985E-03
       297  1.00000E+01  1.24544E+03  0.00000E+00 -2.03536E-04  2.04210E-04 -2.04210E-04  0.00000E+00  2.16824E-04  3.01153E-03
       298  1.00000E+01  1.25544E+03  0.00000E+00 -2.03250E-04  2.03825E-04 -2.03825E-04  0.00000E+00  2.16634E-04  3.03320E-03
       299  1.00000E+01  1.26544E+03  0.00000E+00 -2.02971E-04  2.03452E-04 -2.03452E-04  0.00000E+00  2.16367E-04  3.05483E-03
       300  1.00000E+01  1.27544E+03  0.00000E+00 -2.02699E-04  2.03090E-04 -2.03090E-04  0.00000E+00  2.16096E-04  3.07644E-03
       301  1.00000E+01  1.28544E+03  0.00000E+00 -2.02429E-04  2.02734E-04 -2.02734E-04  0.00000E+00  2.15792E-04  3.09802E-03
       302  1.00000E+01  1.29544E+03  0.00000E+00 -2.02162E-04  2.02385E-04 -2.02385E-04  0.00000E+00  2.15492E-04  3.11957E-03
       303  1.00000E+01  1.30544E+03  0.00000E+00 -2.01884E-04  2.02048E-04 -2.02048E-04  0.00000E+00  2.15097E-04  3.14108E-03
       304  1.00000E+01  1.31544E+03  0.00000E+00 -2.01609E-04  2.01717E-04 -2.01717E-04  0.00000E+00  2.14657E-04  3.16255E-03
       305  1.00000E+01  1.32544E+03  0.00000E+00 -2.01336E-04  2.01389E-04 -2.01389E-04  0.00000E+00  2.14399E-04  3.18399E-03
       306  1.00000E+01  1.33544E+03  0.00000E+00 -2.01063E-04  2.01066E-04 -2.01066E-04  0.00000E+00  2.14153E-04  3.20540E-03
       307  1.00000E+01  1.34544E+03  0.00000E+00 -2.01241E-04  2.01241E-04 -2.01241E-04  0.00000E+00  2.14185E-04  3.22682E-03
       308  1.00000E+01  1.35544E+03  0.00000E+00 -2.00413E-04  2.01033E-04 -2.01033E-04  0.00000E+00  2.13982E-04  3.24822E-03
       309  1.00000E+01  1.36544E+03  0.00000E+00 -2.00988E-04  2.01550E-04 -2.01550E-04  0.00000E+00  2.14342E-04  3.26965E-03
       310  1.00000E+01  1.37544E+03  0.00000E+00 -1.99857E-04  2.01439E-04 -2.01439E-04  0.00000E+00  2.14065E-04  3.29106E-03
       311  1.00000E+01  1.38544E+03  0.00000E+00 -1.99755E-04  2.01175E-04 -2.01175E-04  0.00000E+00  2.13850E-04  3.31244E-03
       312  1.00000E+01  1.39544E+03  0.00000E+00 -1.99568E-04  2.00842E-04 -2.00842E-04  0.00000E+00  2.13491E-04  3.33379E-03
       313  1.00000E+01  1.40544E+03  0.00000E+00 -1.99351E-04  2.00489E-04 -2.00489E-04  0.00000E+00  2.13196E-04  3.35511E-03
       314  1.00000E+01  1.41544E+03  0.00000E+00 -1.99121E-04  2.00131E-04 -2.00131E-04  0.00000E+00  2.12835E-04  3.37640E-03
       315  1.00000E+01  1.42544E+03  0.00000E+00 -1.99263E-04  2.00153E-04 -2.00153E-04  0.00000E+00  2.12903E-04  3.39769E-03
       316  1.00000E+01  1.43544E+03  0.00000E+00 -1.98610E-04  1.99891E-04 -1.99891E-04  0.00000E+00  2.12642E-04  3.41895E-03
       317  1.00000E+01  1.44544E+03  0.00000E+00 -1.98448E-04  1.99566E-04 -1.99566E-04  0.00000E+00  2.12289E-04  3.44018E-03
       318  1.00000E+01  1.45544E+03  0.00000E+00 -1.98246E-04  1.99212E-04 -1.99212E-04  0.00000E+00  2.11986E-04  3.46138E-03
       319  1.00000E+01  1.46544E+03  0.00000E+00 -1.98029E-04  1.98851E-04 -1.98851E-04  0.00000E+00  2.11498E-04  3.48253E-03
       320  1.00000E+01  1.47544E+03  0.00000E+00 -1.97804E-04  1.98490E-04 -1.98490E-04  0.00000E+00  2.11102E-04  3.50364E-03
       321  1.00000E+01  1.48544E+03  0.00000E+00 -1.97576E-04  1.98133E-04 -1.98133E-04  0.00000E+00  2.10600E-04  3.52470E-03
       322  1.00000E+01  1.49544E+03  0.00000E+00 -1.97344E-04  1.97776E-04 -1.97776E-04  0.00000E+00  2.10316E-04  3.54573E-03
       323  1.00000E+01  1.50544E+03  0.00000E+00 -1.97110E-04  1.97423E-04 -1.97423E-04  0.00000E+00  2.10054E-04  3.56673E-03
       324  1.00000E+01  1.51544E+03  0.00000E+00 -1.96874E-04  1.97073E-04 -1.97073E-04  0.00000E+00  2.09671E-04  3.58770E-03
       325  1.00000E+01  1.52544E+03  0.00000E+00 -1.96604E-04  1.96738E-04 -1.96738E-04  0.00000E+00  2.09417E-04  3.60864E-03
       326  1.00000E+01  1.53544E+03  0.00000E+00 -1.96322E-04  1.96422E-04 -1.96422E-04  0.00000E+00  2.09094E-04  3.62955E-03
       327  1.00000E+01  1.54544E+03  0.00000E+00 -1.96047E-04  1.96117E-04 -1.96117E-04  0.00000E+00  2.08907E-04  3.65044E-03
       328  1.00000E+01  1.55544E+03  0.00000E+00 -1.95778E-04  1.95819E-04 -1.95819E-04  0.00000E+00  2.08568E-04  3.67130E-03
       329  1.00000E+01  1.56544E+03  0.00000E+00 -1.95511E-04  1.95524E-04 -1.95524E-04  0.00000E+00  2.08286E-04  3.69213E-03
       330  1.00000E+01  1.57544E+03  0.00000E+00 -1.95236E-04  1.95236E-04 -1.95236E-04  0.00000E+00  2.07919E-04  3.71292E-03
       331  1.00000E+01  1.58544E+03  0.00000E+00 -1.95458E-04  1.95458E-04 -1.95458E-04  0.00000E+00  2.08027E-04  3.73372E-03
       332  1.00000E+01  1.59544E+03  0.00000E+00 -1.95345E-04  1.96033E-04 -1.96033E-04  0.00000E+00  2.08397E-04  3.75456E-03
       333  1.00000E+01  1.60544E+03  0.00000E+00 -1.94536E-04  1.95863E-04 -1.95863E-04  0.00000E+00  2.08225E-04  3.77539E-03
       334  1.00000E+01  1.61544E+03  0.00000E+00 -1.94443E-04  1.95603E-04 -1.95603E-04  0.00000E+00  2.07940E-04  3.79618E-03
       335  1.00000E+01  1.62544E+03  0.00000E+00 -1.94289E-04  1.95309E-04 -1.95309E-04  0.00000E+00  2.07564E-04  3.81694E-03
       336  1.00000E+01  1.63544E+03  0.00000E+00 -1.94106E-04  1.95004E-04 -1.95004E-04  0.00000E+00  2.07383E-04  3.83767E-03
       337  1.00000E+01  1.64544E+03  0.00000E+00 -1.93908E-04  1.94697E-04 -1.94697E-04  0.00000E+00  2.07063E-04  3.85838E-03
       338  1.00000E+01  1.65544E+03  0.00000E+00 -1.94150E-04  1.94841E-04 -1.94841E-04  0.00000E+00  2.07139E-04  3.87909E-03
       339  1.00000E+01  1.66544E+03  0.00000E+00 -1.94050E-04  1.95232E-04 -1.95232E-04  0.00000E+00  2.07301E-04  3.89983E-03
       340  1.00000E+01  1.67544E+03  0.00000E+00 -1.93276E-04  1.95082E-04 -1.95082E-04  0.00000E+00  2.07127E-04  3.92054E-03
       341  1.00000E+01  1.68544E+03  0.00000E+00 -1.93196E-04  1.94822E-04 -1.94822E-04  0.00000E+00  2.06817E-04  3.94122E-03
       342  1.00000E+01  1.69544E+03  0.00000E+00 -1.93450E-04  1.94912E-04 -1.94912E-04  0.00000E+00  2.06888E-04  3.96191E-03
       343  1.00000E+01  1.70544E+03  0.00000E+00 -1.92831E-04  1.94688E-04 -1.94688E-04  0.00000E+00  2.06679E-04  3.98258E-03
       344  1.00000E+01  1.71544E+03  0.00000E+00 -1.92728E-04  1.94387E-04 -1.94387E-04  0.00000E+00  2.06240E-04  4.00320E-03
       345  1.00000E+01  1.72544E+03  0.00000E+00 -1.92580E-04  1.94054E-04 -1.94054E-04  0.00000E+00  2.05988E-04  4.02380E-03
       346  1.00000E+01  1.73544E+03  0.00000E+00 -1.92397E-04  1.93713E-04 -1.93713E-04  0.00000E+00  2.05265E-04  4.04433E-03
       347  1.00000E+01  1.74544E+03  0.00000E+00 -1.92669E-04  1.93844E-04 -1.93844E-04  0.00000E+00  2.05347E-04  4.06486E-03
       348  1.00000E+01  1.75544E+03  0.00000E+00 -1.91947E-04  1.93622E-04 -1.93622E-04  0.00000E+00  2.05151E-04  4.08538E-03
       349  1.00000E+01  1.76544E+03  0.00000E+00 -1.91835E-04  1.93324E-04 -1.93324E-04  0.00000E+00  2.04869E-04  4.10586E-03
       350  1.00000E+01  1.77544E+03  0.00000E+00 -1.91678E-04  1.92994E-04 -1.92994E-04  0.00000E+00  2.04586E-04  4.12632E-03
       351  1.00000E+01  1.78544E+03  0.00000E+00 -1.91489E-04  1.92656E-04 -1.92656E-04  0.00000E+00  2.04341E-04  4.14675E-03
       352  1.00000E+01  1.79544E+03  0.00000E+00 -1.91287E-04  1.92324E-04 -1.92324E-04  0.00000E+00  2.03873E-04  4.16714E-03
       353  1.00000E+01  1.80544E+03  0.00000E+00 -1.91915E-04  1.92828E-04 -1.92828E-04  0.00000E+00  2.04098E-04  4.18755E-03
       354  1.00000E+01  1.81544E+03  0.00000E+00 -1.90829E-04  1.92643E-04 -1.92643E-04  0.00000E+00  2.03838E-04  4.20794E-03
       355  1.00000E+01  1.82544E+03  0.00000E+00 -1.91138E-04  1.92753E-04 -1.92753E-04  0.00000E+00  2.03919E-04  4.22833E-03
       356  1.00000E+01  1.83544E+03  0.00000E+00 -1.90580E-04  1.92535E-04 -1.92535E-04  0.00000E+00  2.03639E-04  4.24869E-03
       357  1.00000E+01  1.84544E+03  0.00000E+00 -1.90490E-04  1.92239E-04 -1.92239E-04  0.00000E+00  2.03343E-04  4.26903E-03
       358  1.00000E+01  1.85544E+03  0.00000E+00 -1.90354E-04  1.91911E-04 -1.91911E-04  0.00000E+00  2.03034E-04  4.28933E-03
       359  1.00000E+01  1.86544E+03  0.00000E+00 -1.90198E-04  1.91573E-04 -1.91573E-04  0.00000E+00  2.02752E-04  4.30960E-03
       360  1.00000E+01  1.87544E+03  0.00000E+00 -1.90433E-04  1.91654E-04 -1.91654E-04  0.00000E+00  2.02821E-04  4.32989E-03
       361  1.00000E+01  1.88544E+03  0.00000E+00 -1.89778E-04  1.91436E-04 -1.91436E-04  0.00000E+00  2.02602E-04  4.35015E-03
       362  1.00000E+01  1.89544E+03  0.00000E+00 -1.89680E-04  1.91145E-04 -1.91145E-04  0.00000E+00  2.02348E-04  4.37038E-03
       363  1.00000E+01  1.90544E+03  0.00000E+00 -1.89536E-04  1.90820E-04 -1.90820E-04  0.00000E+00  2.02109E-04  4.39059E-03
       364  1.00000E+01  1.91544E+03  0.00000E+00 -1.89375E-04  1.90488E-04 -1.90488E-04  0.00000E+00  2.01730E-04  4.41077E-03
       365  1.00000E+01  1.92544E+03  0.00000E+00 -1.89207E-04  1.90157E-04 -1.90157E-04  0.00000E+00  2.01466E-04  4.43091E-03
       366  1.00000E+01  1.93544E+03  0.00000E+00 -1.89034E-04  1.89828E-04 -1.89828E-04  0.00000E+00  2.01245E-04  4.45104E-03
       367  1.00000E+01  1.94544E+03  0.00000E+00 -1.88859E-04  1.89504E-04 -1.89504E-04  0.00000E+00  2.00986E-04  4.47114E-03
       368  1.00000E+01  1.95544E+03  0.00000E+00 -1.88679E-04  1.89194E-04 -1.89194E-04  0.00000E+00  2.00711E-04  4.49121E-03
       369  1.00000E+01  1.96544E+03  0.00000E+00 -1.88483E-04  1.88890E-04 -1.88890E-04  0.00000E+00  2.00428E-04  4.51125E-03
       370  1.00000E+01  1.97544E+03  0.00000E+00 -1.88282E-04  1.88592E-04 -1.88592E-04  0.00000E+00  2.00192E-04  4.53127E-03
       371  1.00000E+01  1.98544E+03  0.00000E+00 -1.88082E-04  1.88300E-04 -1.88300E-04  0.00000E+00  2.00008E-04  4.55127E-03
       372  1.00000E+01  1.99544E+03  0.00000E+00 -1.88637E-04  1.88779E-04 -1.88779E-04  0.00000E+00  2.00029E-04  4.57127E-03
       373  1.00000E+01  2.00544E+03  0.00000E+00 -1.87514E-04  1.88665E-04 -1.88665E-04  0.00000E+00  1.99891E-04  4.59126E-03
       374  1.00000E+01  2.01544E+03  0.00000E+00 -1.87391E-04  1.88466E-04 -1.88466E-04  0.00000E+00  1.99703E-04  4.61123E-03
       375  1.00000E+01  2.02544E+03  0.00000E+00 -1.87212E-04  1.88220E-04 -1.88220E-04  0.00000E+00  1.99410E-04  4.63117E-03
       376  1.00000E+01  2.03544E+03  0.00000E+00 -1.87012E-04  1.87958E-04 -1.87958E-04  0.00000E+00  1.99138E-04  4.65109E-03
       377  1.00000E+01  2.04544E+03  0.00000E+00 -1.86803E-04  1.87691E-04 -1.87691E-04  0.00000E+00  1.98899E-04  4.67098E-03
       378  1.00000E+01  2.05544E+03  0.00000E+00 -1.86583E-04  1.87429E-04 -1.87429E-04  0.00000E+00  1.98707E-04  4.69085E-03
       379  1.00000E+01  2.06544E+03  0.00000E+00 -1.86357E-04  1.87173E-04 -1.87173E-04  0.00000E+00  1.98435E-04  4.71069E-03
       380  1.00000E+01  2.07544E+03  0.00000E+00 -1.86133E-04  1.86921E-04 -1.86921E-04  0.00000E+00  1.98132E-04  4.73050E-03
       381  1.00000E+01  2.08544E+03  0.00000E+00 -1.86310E-04  1.87070E-04 -1.87070E-04  0.00000E+00  1.98173E-04  4.75032E-03
       382  1.00000E+01  2.09544E+03  0.00000E+00 -1.85657E-04  1.86920E-04 -1.86920E-04  0.00000E+00  1.98008E-04  4.77012E-03
       383  1.00000E+01  2.10544E+03  0.00000E+00 -1.85514E-04  1.86703E-04 -1.86703E-04  0.00000E+00  1.97791E-04  4.78990E-03
       384  1.00000E+01  2.11544E+03  0.00000E+00 -1.85334E-04  1.86456E-04 -1.86456E-04  0.00000E+00  1.97548E-04  4.80966E-03
       385  1.00000E+01  2.12544E+03  0.00000E+00 -1.85140E-04  1.86201E-04 -1.86201E-04  0.00000E+00  1.97234E-04  4.82938E-03
       386  1.00000E+01  2.13544E+03  0.00000E+00 -1.84941E-04  1.85944E-04 -1.85944E-04  0.00000E+00  1.97016E-04  4.84908E-03
       387  1.00000E+01  2.14544E+03  0.00000E+00 -1.84740E-04  1.85688E-04 -1.85688E-04  0.00000E+00  1.96633E-04  4.86874E-03
       388  1.00000E+01  2.15544E+03  0.00000E+00 -1.84538E-04  1.85433E-04 -1.85433E-04  0.00000E+00  1.96439E-04  4.88839E-03
       389  1.00000E+01  2.16544E+03  0.00000E+00 -1.84335E-04  1.85181E-04 -1.85181E-04  0.00000E+00  1.96225E-04  4.90801E-03
       390  1.00000E+01  2.17544E+03  0.00000E+00 -1.84582E-04  1.85381E-04 -1.85381E-04  0.00000E+00  1.96318E-04  4.92764E-03
       391  1.00000E+01  2.18544E+03  0.00000E+00 -1.83893E-04  1.85232E-04 -1.85232E-04  0.00000E+00  1.96148E-04  4.94726E-03
       392  1.00000E+01  2.19544E+03  0.00000E+00 -1.83768E-04  1.85015E-04 -1.85015E-04  0.00000E+00  1.95713E-04  4.96683E-03
       393  1.00000E+01  2.20544E+03  0.00000E+00 -1.83605E-04  1.84767E-04 -1.84767E-04  0.00000E+00  1.95520E-04  4.98638E-03
       394  1.00000E+01  2.21544E+03  0.00000E+00 -1.83428E-04  1.84510E-04 -1.84510E-04  0.00000E+00  1.95126E-04  5.00589E-03
       395  1.00000E+01  2.22544E+03  0.00000E+00 -1.83244E-04  1.84250E-04 -1.84250E-04  0.00000E+00  1.94819E-04  5.02537E-03
       396  1.00000E+01  2.23544E+03  0.00000E+00 -1.83057E-04  1.83991E-04 -1.83991E-04  0.00000E+00  1.94621E-04  5.04484E-03
       397  1.00000E+01  2.24544E+03  0.00000E+00 -1.82868E-04  1.83733E-04 -1.83733E-04  0.00000E+00  1.94442E-04  5.06428E-03
       398  1.00000E+01  2.25544E+03  0.00000E+00 -1.82678E-04  1.83477E-04 -1.83477E-04  0.00000E+00  1.94155E-04  5.08370E-03
       399  1.00000E+01  2.26544E+03  0.00000E+00 -1.82488E-04  1.83223E-04 -1.83223E-04  0.00000E+00  1.93887E-04  5.10309E-03
       400  1.00000E+01  2.27544E+03  0.00000E+00 -1.82859E-04  1.83533E-04 -1.83533E-04  0.00000E+00  1.94014E-04  5.12249E-03
       401  1.00000E+01  2.28544E+03  0.00000E+00 -1.82017E-04  1.83419E-04 -1.83419E-04  0.00000E+00  1.93841E-04  5.14187E-03
       402  1.00000E+01  2.29544E+03  0.00000E+00 -1.81914E-04  1.83224E-04 -1.83224E-04  0.00000E+00  1.93648E-04  5.16124E-03
       403  1.00000E+01  2.30544E+03  0.00000E+00 -1.81762E-04  1.82989E-04 -1.82989E-04  0.00000E+00  1.93462E-04  5.18058E-03
       404  1.00000E+01  2.31544E+03  0.00000E+00 -1.81592E-04  1.82741E-04 -1.82741E-04  0.00000E+00  1.93269E-04  5.19991E-03
       405  1.00000E+01  2.32544E+03  0.00000E+00 -1.82040E-04  1.83115E-04 -1.83115E-04  0.00000E+00  1.93518E-04  5.21926E-03
       406  1.00000E+01  2.33544E+03  0.00000E+00 -1.81669E-04  1.83315E-04 -1.83315E-04  0.00000E+00  1.93611E-04  5.23862E-03
       407  1.00000E+01  2.34544E+03  0.00000E+00 -1.81159E-04  1.83181E-04 -1.83181E-04  0.00000E+00  1.93452E-04  5.25797E-03
       408  1.00000E+01  2.35544E+03  0.00000E+00 -1.81119E-04  1.82956E-04 -1.82956E-04  0.00000E+00  1.93261E-04  5.27729E-03
       409  1.00000E+01  2.36544E+03  0.00000E+00 -1.81020E-04  1.82693E-04 -1.82693E-04  0.00000E+00  1.92966E-04  5.29659E-03
       410  1.00000E+01  2.37544E+03  0.00000E+00 -1.80894E-04  1.82418E-04 -1.82418E-04  0.00000E+00  1.92532E-04  5.31584E-03
       411  1.00000E+01  2.38544E+03  0.00000E+00 -1.80754E-04  1.82139E-04 -1.82139E-04  0.00000E+00  1.92324E-04  5.33508E-03
       412  1.00000E+01  2.39544E+03  0.00000E+00 -1.80607E-04  1.81864E-04 -1.81864E-04  0.00000E+00  1.92119E-04  5.35429E-03
       413  1.00000E+01  2.40544E+03  0.00000E+00 -1.80444E-04  1.81594E-04 -1.81594E-04  0.00000E+00  1.91911E-04  5.37348E-03
       414  1.00000E+01  2.41544E+03  0.00000E+00 -1.80277E-04  1.81331E-04 -1.81331E-04  0.00000E+00  1.91720E-04  5.39265E-03
       415  1.00000E+01  2.42544E+03  0.00000E+00 -1.80109E-04  1.81072E-04 -1.81072E-04  0.00000E+00  1.91523E-04  5.41180E-03
       416  1.00000E+01  2.43544E+03  0.00000E+00 -1.80426E-04  1.81304E-04 -1.81304E-04  0.00000E+00  1.91461E-04  5.43095E-03
       417  1.00000E+01  2.44544E+03  0.00000E+00 -1.79708E-04  1.81171E-04 -1.81171E-04  0.00000E+00  1.91327E-04  5.45008E-03
       418  1.00000E+01  2.45544E+03  0.00000E+00 -1.79621E-04  1.80961E-04 -1.80961E-04  0.00000E+00  1.91097E-04  5.46919E-03
       419  1.00000E+01  2.46544E+03  0.00000E+00 -1.79489E-04  1.80715E-04 -1.80715E-04  0.00000E+00  1.90921E-04  5.48828E-03
       420  1.00000E+01  2.47544E+03  0.00000E+00 -1.79339E-04  1.80459E-04 -1.80459E-04  0.00000E+00  1.90733E-04  5.50736E-03
       421  1.00000E+01  2.48544E+03  0.00000E+00 -1.79182E-04  1.80200E-04 -1.80200E-04  0.00000E+00  1.90469E-04  5.52640E-03
       422  1.00000E+01  2.49544E+03  0.00000E+00 -1.79021E-04  1.79942E-04 -1.79942E-04  0.00000E+00  1.90303E-04  5.54543E-03
       423  1.00000E+01  2.50544E+03  0.00000E+00 -1.78858E-04  1.79686E-04 -1.79686E-04  0.00000E+00  1.90083E-04  5.56444E-03
       424  1.00000E+01  2.51544E+03  0.00000E+00 -1.78693E-04  1.79431E-04 -1.79431E-04  0.00000E+00  1.89868E-04  5.58343E-03
       425  1.00000E+01  2.52544E+03  0.00000E+00 -1.78514E-04  1.79181E-04 -1.79181E-04  0.00000E+00  1.89608E-04  5.60239E-03
       426  1.00000E+01  2.53544E+03  0.00000E+00 -1.78336E-04  1.78933E-04 -1.78933E-04  0.00000E+00  1.89310E-04  5.62132E-03
       427  1.00000E+01  2.54544E+03  0.00000E+00 -1.78159E-04  1.78688E-04 -1.78688E-04  0.00000E+00  1.88996E-04  5.64022E-03
       428  1.00000E+01  2.55544E+03  0.00000E+00 -1.78376E-04  1.78840E-04 -1.78840E-04  0.00000E+00  1.89132E-04  5.65913E-03
       429  1.00000E+01  2.56544E+03  0.00000E+00 -1.77766E-04  1.78694E-04 -1.78694E-04  0.00000E+00  1.88828E-04  5.67802E-03
       430  1.00000E+01  2.57544E+03  0.00000E+00 -1.77651E-04  1.78487E-04 -1.78487E-04  0.00000E+00  1.88619E-04  5.69688E-03
       431  1.00000E+01  2.58544E+03  0.00000E+00 -1.77501E-04  1.78254E-04 -1.78254E-04  0.00000E+00  1.88368E-04  5.71571E-03
       432  1.00000E+01  2.59544E+03  0.00000E+00 -1.77339E-04  1.78012E-04 -1.78012E-04  0.00000E+00  1.88185E-04  5.73453E-03
       433  1.00000E+01  2.60544E+03  0.00000E+00 -1.77170E-04  1.77768E-04 -1.77768E-04  0.00000E+00  1.88015E-04  5.75334E-03
       434  1.00000E+01  2.61544E+03  0.00000E+00 -1.77432E-04  1.77981E-04 -1.77981E-04  0.00000E+00  1.88127E-04  5.77215E-03
       435  1.00000E+01  2.62544E+03  0.00000E+00 -1.76766E-04  1.77847E-04 -1.77847E-04  0.00000E+00  1.87922E-04  5.79094E-03
       436  1.00000E+01  2.63544E+03  0.00000E+00 -1.77098E-04  1.78084E-04 -1.78084E-04  0.00000E+00  1.88060E-04  5.80975E-03
       437  1.00000E+01  2.64544E+03  0.00000E+00 -1.77253E-04  1.78732E-04 -1.78732E-04  0.00000E+00  1.88396E-04  5.82859E-03
       438  1.00000E+01  2.65544E+03  0.00000E+00 -1.76331E-04  1.78659E-04 -1.78659E-04  0.00000E+00  1.88176E-04  5.84740E-03
       439  1.00000E+01  2.66544E+03  0.00000E+00 -1.76335E-04  1.78465E-04 -1.78465E-04  0.00000E+00  1.87902E-04  5.86619E-03
       440  1.00000E+01  2.67544E+03  0.00000E+00 -1.76264E-04  1.78214E-04 -1.78214E-04  0.00000E+00  1.87695E-04  5.88496E-03
       441  1.00000E+01  2.68544E+03  0.00000E+00 -1.76162E-04  1.77942E-04 -1.77942E-04  0.00000E+00  1.87375E-04  5.90370E-03
       442  1.00000E+01  2.69544E+03  0.00000E+00 -1.76047E-04  1.77666E-04 -1.77666E-04  0.00000E+00  1.87217E-04  5.92242E-03
       443  1.00000E+01  2.70544E+03  0.00000E+00 -1.75927E-04  1.77389E-04 -1.77389E-04  0.00000E+00  1.86895E-04  5.94111E-03
       444  1.00000E+01  2.71544E+03  0.00000E+00 -1.75784E-04  1.77118E-04 -1.77118E-04  0.00000E+00  1.86690E-04  5.95978E-03
       445  1.00000E+01  2.72544E+03  0.00000E+00 -1.75639E-04  1.76852E-04 -1.76852E-04  0.00000E+00  1.86360E-04  5.97842E-03
       446  1.00000E+01  2.73544E+03  0.00000E+00 -1.75493E-04  1.76590E-04 -1.76590E-04  0.00000E+00  1.86177E-04  5.99703E-03
       447  1.00000E+01  2.74544E+03  0.00000E+00 -1.75345E-04  1.76331E-04 -1.76331E-04  0.00000E+00  1.85976E-04  6.01563E-03
       448  1.00000E+01  2.75544E+03  0.00000E+00 -1.75196E-04  1.76076E-04 -1.76076E-04  0.00000E+00  1.85779E-04  6.03421E-03
       449  1.00000E+01  2.76544E+03  0.00000E+00 -1.75045E-04  1.75823E-04 -1.75823E-04  0.00000E+00  1.85554E-04  6.05277E-03
       450  1.00000E+01  2.77544E+03  0.00000E+00 -1.74893E-04  1.75573E-04 -1.75573E-04  0.00000E+00  1.85342E-04  6.07130E-03
       451  1.00000E+01  2.78544E+03  0.00000E+00 -1.74735E-04  1.75329E-04 -1.75329E-04  0.00000E+00  1.85143E-04  6.08981E-03
       452  1.00000E+01  2.79544E+03  0.00000E+00 -1.74571E-04  1.75089E-04 -1.75089E-04  0.00000E+00  1.84929E-04  6.10831E-03
       453  1.00000E+01  2.80544E+03  0.00000E+00 -1.74407E-04  1.74855E-04 -1.74855E-04  0.00000E+00  1.84752E-04  6.12678E-03
       454  1.00000E+01  2.81544E+03  0.00000E+00 -1.74243E-04  1.74623E-04 -1.74623E-04  0.00000E+00  1.84569E-04  6.14524E-03
       455  1.00000E+01  2.82544E+03  0.00000E+00 -1.74078E-04  1.74393E-04 -1.74393E-04  0.00000E+00  1.84320E-04  6.16367E-03
       456  1.00000E+01  2.83544E+03  0.00000E+00 -1.73911E-04  1.74171E-04 -1.74171E-04  0.00000E+00  1.84150E-04  6.18209E-03
       457  1.00000E+01  2.84544E+03  0.00000E+00 -1.73738E-04  1.73956E-04 -1.73956E-04  0.00000E+00  1.83831E-04  6.20047E-03
       458  1.00000E+01  2.85544E+03  0.00000E+00 -1.73566E-04  1.73744E-04 -1.73744E-04  0.00000E+00  1.83700E-04  6.21884E-03
       459  1.00000E+01  2.86544E+03  0.00000E+00 -1.73395E-04  1.73535E-04 -1.73535E-04  0.00000E+00  1.83451E-04  6.23718E-03
       460  1.00000E+01  2.87544E+03  0.00000E+00 -1.73225E-04  1.73328E-04 -1.73328E-04  0.00000E+00  1.83287E-04  6.25551E-03
       461  1.00000E+01  2.88544E+03  0.00000E+00 -1.73055E-04  1.73122E-04 -1.73122E-04  0.00000E+00  1.83120E-04  6.27382E-03
       462  1.00000E+01  2.89544E+03  0.00000E+00 -1.73415E-04  1.73455E-04 -1.73455E-04  0.00000E+00  1.83258E-04  6.29215E-03
       463  1.00000E+01  2.90544E+03  0.00000E+00 -1.72609E-04  1.73385E-04 -1.73385E-04  0.00000E+00  1.83122E-04  6.31046E-03
       464  1.00000E+01  2.91544E+03  0.00000E+00 -1.72506E-04  1.73238E-04 -1.73238E-04  0.00000E+00  1.82962E-04  6.32876E-03
       465  1.00000E+01  2.92544E+03  0.00000E+00 -1.72359E-04  1.73054E-04 -1.73054E-04  0.00000E+00  1.82822E-04  6.34704E-03
       466  1.00000E+01  2.93544E+03  0.00000E+00 -1.72197E-04  1.72856E-04 -1.72856E-04  0.00000E+00  1.82514E-04  6.36529E-03
       467  1.00000E+01  2.94544E+03  0.00000E+00 -1.72031E-04  1.72657E-04 -1.72657E-04  0.00000E+00  1.82347E-04  6.38353E-03
       468  1.00000E+01  2.95544E+03  0.00000E+00 -1.71863E-04  1.72456E-04 -1.72456E-04  0.00000E+00  1.82180E-04  6.40175E-03
       469  1.00000E+01  2.96544E+03  0.00000E+00 -1.71695E-04  1.72257E-04 -1.72257E-04  0.00000E+00  1.82016E-04  6.41995E-03
       470  1.00000E+01  2.97544E+03  0.00000E+00 -1.71526E-04  1.72058E-04 -1.72058E-04  0.00000E+00  1.81830E-04  6.43813E-03
       471  1.00000E+01  2.98544E+03  0.00000E+00 -1.71358E-04  1.71861E-04 -1.71861E-04  0.00000E+00  1.81691E-04  6.45630E-03
       472  1.00000E+01  2.99544E+03  0.00000E+00 -1.71190E-04  1.71665E-04 -1.71665E-04  0.00000E+00  1.81454E-04  6.47444E-03
       473  1.00000E+01  3.00544E+03  0.00000E+00 -1.71021E-04  1.71468E-04 -1.71468E-04  0.00000E+00  1.81209E-04  6.49257E-03
       474  1.00000E+01  3.01544E+03  0.00000E+00 -1.70852E-04  1.71273E-04 -1.71273E-04  0.00000E+00  1.80963E-04  6.51066E-03
       475  1.00000E+01  3.02544E+03  0.00000E+00 -1.70684E-04  1.71078E-04 -1.71078E-04  0.00000E+00  1.80667E-04  6.52873E-03
       476  1.00000E+01  3.03544E+03  0.00000E+00 -1.70926E-04  1.71294E-04 -1.71294E-04  0.00000E+00  1.80781E-04  6.54681E-03
       477  1.00000E+01  3.04544E+03  0.00000E+00 -1.70301E-04  1.71205E-04 -1.71205E-04  0.00000E+00  1.80665E-04  6.56487E-03
       478  1.00000E+01  3.05544E+03  0.00000E+00 -1.70206E-04  1.71047E-04 -1.71047E-04  0.00000E+00  1.80536E-04  6.58293E-03
       479  1.00000E+01  3.06544E+03  0.00000E+00 -1.70071E-04  1.70857E-04 -1.70857E-04  0.00000E+00  1.80379E-04  6.60096E-03
       480  1.00000E+01  3.07544E+03  0.00000E+00 -1.70641E-04  1.71380E-04 -1.71380E-04  0.00000E+00  1.80502E-04  6.61901E-03
       481  1.00000E+01  3.08544E+03  0.00000E+00 -1.69646E-04  1.71339E-04 -1.71339E-04  0.00000E+00  1.80358E-04  6.63705E-03
       482  1.00000E+01  3.09544E+03  0.00000E+00 -1.69598E-04  1.71205E-04 -1.71205E-04  0.00000E+00  1.80099E-04  6.65506E-03
       483  1.00000E+01  3.10544E+03  0.00000E+00 -1.69489E-04  1.71020E-04 -1.71020E-04  0.00000E+00  1.79951E-04  6.67306E-03
       484  1.00000E+01  3.11544E+03  0.00000E+00 -1.69355E-04  1.70816E-04 -1.70816E-04  0.00000E+00  1.79791E-04  6.69103E-03
       485  1.00000E+01  3.12544E+03  0.00000E+00 -1.69211E-04  1.70607E-04 -1.70607E-04  0.00000E+00  1.79613E-04  6.70900E-03
       486  1.00000E+01  3.13544E+03  0.00000E+00 -1.69457E-04  1.70791E-04 -1.70791E-04  0.00000E+00  1.79707E-04  6.72697E-03
       487  1.00000E+01  3.14544E+03  0.00000E+00 -1.69284E-04  1.71113E-04 -1.71113E-04  0.00000E+00  1.79821E-04  6.74495E-03
       488  1.00000E+01  3.15544E+03  0.00000E+00 -1.68715E-04  1.71055E-04 -1.71055E-04  0.00000E+00  1.79717E-04  6.76292E-03
       489  1.00000E+01  3.16544E+03  0.00000E+00 -1.68679E-04  1.70889E-04 -1.70889E-04  0.00000E+00  1.79568E-04  6.78088E-03
       490  1.00000E+01  3.17544E+03  0.00000E+00 -1.68585E-04  1.70676E-04 -1.70676E-04  0.00000E+00  1.79406E-04  6.79882E-03
       491  1.00000E+01  3.18544E+03  0.00000E+00 -1.68469E-04  1.70448E-04 -1.70448E-04  0.00000E+00  1.79236E-04  6.81674E-03
       492  1.00000E+01  3.19544E+03  0.00000E+00 -1.68344E-04  1.70216E-04 -1.70216E-04  0.00000E+00  1.79025E-04  6.83464E-03
       493  1.00000E+01  3.20544E+03  0.00000E+00 -1.68212E-04  1.69984E-04 -1.69984E-04  0.00000E+00  1.78787E-04  6.85252E-03
       494  1.00000E+01  3.21544E+03  0.00000E+00 -1.68078E-04  1.69753E-04 -1.69753E-04  0.00000E+00  1.78539E-04  6.87038E-03
       495  1.00000E+01  3.22544E+03  0.00000E+00 -1.67944E-04  1.69525E-04 -1.69525E-04  0.00000E+00  1.78360E-04  6.88821E-03
       496  1.00000E+01  3.23544E+03  0.00000E+00 -1.67807E-04  1.69299E-04 -1.69299E-04  0.00000E+00  1.78154E-04  6.90603E-03
       497  1.00000E+01  3.24544E+03  0.00000E+00 -1.67669E-04  1.69075E-04 -1.69075E-04  0.00000E+00  1.77977E-04  6.92383E-03
       498  1.00000E+01  3.25544E+03  0.00000E+00 -1.67530E-04  1.68853E-04 -1.68853E-04  0.00000E+00  1.77799E-04  6.94161E-03
       499  1.00000E+01  3.26544E+03  0.00000E+00 -1.67389E-04  1.68632E-04 -1.68632E-04  0.00000E+00  1.77572E-04  6.95936E-03
       500  1.00000E+01  3.27544E+03  0.00000E+00 -1.67245E-04  1.68413E-04 -1.68413E-04  0.00000E+00  1.77394E-04  6.97710E-03
       501  1.00000E+01  3.28544E+03  0.00000E+00 -1.67092E-04  1.68196E-04 -1.68196E-04  0.00000E+00  1.77001E-04  6.99480E-03
       502  1.00000E+01  3.29544E+03  0.00000E+00 -1.66940E-04  1.67984E-04 -1.67984E-04  0.00000E+00  1.76843E-04  7.01249E-03
       503  1.00000E+01  3.30544E+03  0.00000E+00 -1.66791E-04  1.67774E-04 -1.67774E-04  0.00000E+00  1.76511E-04  7.03014E-03
       504  1.00000E+01  3.31544E+03  0.00000E+00 -1.67197E-04  1.68122E-04 -1.68122E-04  0.00000E+00  1.76765E-04  7.04781E-03
       505  1.00000E+01  3.32544E+03  0.00000E+00 -1.66493E-04  1.67987E-04 -1.67987E-04  0.00000E+00  1.76642E-04  7.06548E-03
       506  1.00000E+01  3.33544E+03  0.00000E+00 -1.66431E-04  1.67807E-04 -1.67807E-04  0.00000E+00  1.76499E-04  7.08313E-03
       507  1.00000E+01  3.34544E+03  0.00000E+00 -1.66332E-04  1.67607E-04 -1.67607E-04  0.00000E+00  1.76312E-04  7.10076E-03
       508  1.00000E+01  3.35544E+03  0.00000E+00 -1.66217E-04  1.67400E-04 -1.67400E-04  0.00000E+00  1.76133E-04  7.11837E-03
       509  1.00000E+01  3.36544E+03  0.00000E+00 -1.66093E-04  1.67193E-04 -1.67193E-04  0.00000E+00  1.75890E-04  7.13596E-03
       510  1.00000E+01  3.37544E+03  0.00000E+00 -1.65964E-04  1.66988E-04 -1.66988E-04  0.00000E+00  1.75725E-04  7.15353E-03
       511  1.00000E+01  3.38544E+03  0.00000E+00 -1.65833E-04  1.66785E-04 -1.66785E-04  0.00000E+00  1.75564E-04  7.17109E-03
       512  1.00000E+01  3.39544E+03  0.00000E+00 -1.65698E-04  1.66583E-04 -1.66583E-04  0.00000E+00  1.75163E-04  7.18861E-03
       513  1.00000E+01  3.40544E+03  0.00000E+00 -1.65562E-04  1.66383E-04 -1.66383E-04  0.00000E+00  1.74990E-04  7.20611E-03
       514  1.00000E+01  3.41544E+03  0.00000E+00 -1.65425E-04  1.66185E-04 -1.66185E-04  0.00000E+00  1.74834E-04  7.22359E-03
       515  1.00000E+01  3.42544E+03  0.00000E+00 -1.65278E-04  1.65991E-04 -1.65991E-04  0.00000E+00  1.74601E-04  7.24105E-03
       516  1.00000E+01  3.43544E+03  0.00000E+00 -1.65132E-04  1.65801E-04 -1.65801E-04  0.00000E+00  1.74446E-04  7.25849E-03
       517  1.00000E+01  3.44544E+03  0.00000E+00 -1.64985E-04  1.65613E-04 -1.65613E-04  0.00000E+00  1.74224E-04  7.27592E-03
       518  1.00000E+01  3.45544E+03  0.00000E+00 -1.64839E-04  1.65427E-04 -1.65427E-04  0.00000E+00  1.74073E-04  7.29332E-03
       519  1.00000E+01  3.46544E+03  0.00000E+00 -1.64684E-04  1.65245E-04 -1.65245E-04  0.00000E+00  1.73911E-04  7.31071E-03
       520  1.00000E+01  3.47544E+03  0.00000E+00 -1.64532E-04  1.65066E-04 -1.65066E-04  0.00000E+00  1.73763E-04  7.32809E-03
       521  1.00000E+01  3.48544E+03  0.00000E+00 -1.64382E-04  1.64889E-04 -1.64889E-04  0.00000E+00  1.73580E-04  7.34545E-03
       522  1.00000E+01  3.49544E+03  0.00000E+00 -1.64234E-04  1.64713E-04 -1.64713E-04  0.00000E+00  1.73431E-04  7.36279E-03
       523  1.00000E+01  3.50544E+03  0.00000E+00 -1.64085E-04  1.64537E-04 -1.64537E-04  0.00000E+00  1.73214E-04  7.38011E-03
       524  1.00000E+01  3.51544E+03  0.00000E+00 -1.63938E-04  1.64361E-04 -1.64361E-04  0.00000E+00  1.73061E-04  7.39742E-03
       525  1.00000E+01  3.52544E+03  0.00000E+00 -1.63789E-04  1.64187E-04 -1.64187E-04  0.00000E+00  1.72872E-04  7.41471E-03
       526  1.00000E+01  3.53544E+03  0.00000E+00 -1.63639E-04  1.64015E-04 -1.64015E-04  0.00000E+00  1.72732E-04  7.43198E-03
       527  1.00000E+01  3.54544E+03  0.00000E+00 -1.64005E-04  1.64359E-04 -1.64359E-04  0.00000E+00  1.72861E-04  7.44927E-03
       528  1.00000E+01  3.55544E+03  0.00000E+00 -1.63268E-04  1.64313E-04 -1.64313E-04  0.00000E+00  1.72694E-04  7.46654E-03
       529  1.00000E+01  3.56544E+03  0.00000E+00 -1.63207E-04  1.64188E-04 -1.64188E-04  0.00000E+00  1.72557E-04  7.48379E-03
       530  1.00000E+01  3.57544E+03  0.00000E+00 -1.63100E-04  1.64024E-04 -1.64024E-04  0.00000E+00  1.72401E-04  7.50103E-03
       531  1.00000E+01  3.58544E+03  0.00000E+00 -1.62976E-04  1.63845E-04 -1.63845E-04  0.00000E+00  1.72234E-04  7.51825E-03
       532  7.28235E+00  3.59272E+03  0.00000E+00 -1.62669E-04  1.63811E-04 -1.63811E-04  0.00000E+00  1.72187E-04  7.53079E-03
       533  7.28235E+00  3.60000E+03  0.00000E+00 -1.62638E-04  1.63706E-04 -1.63706E-04  0.00000E+00  1.72068E-04  7.54332E-03
