#       1
#          TIME              381
  1.00000000E-02   0.0000000E+00   0.0000000E+00   0.0000000E+00   0.0000000E+00
  1.50000000E-02   9.0282123E-10   0.0000000E+00   1.3227288E-09   0.0000000E+00
  2.05000000E-02   1.7105154E-09   0.0000000E+00   2.0803808E-09   0.0000000E+00
  2.65500000E-02   2.7053610E-09   0.0000000E+00   3.0045008E-09   0.0000000E+00
  3.26000000E-02   3.7877979E-09   0.0000000E+00   4.1132174E-09   0.0000000E+00
  3.86500000E-02   4.9506541E-09   0.0000000E+00   5.2997781E-09   0.0000000E+00
  4.47000000E-02   6.1814218E-09   0.0000000E+00   6.5552764E-09   0.0000000E+00
  4.77250000E-02   6.8268761E-09   0.0000000E+00   7.8754652E-09   0.0000000E+00
  5.10525000E-02   7.5463402E-09   0.0000000E+00   8.5507533E-09   0.0000000E+00
  5.47127500E-02   8.3608805E-09   0.0000000E+00   9.3110208E-09   0.0000000E+00
  5.83730000E-02   9.1996803E-09   0.0000000E+00   1.0167320E-08   0.0000000E+00
  6.23992750E-02   1.0144978E-08   0.0000000E+00   1.1042568E-08   0.0000000E+00
  6.64255500E-02   1.1113773E-08   0.0000000E+00   1.2027253E-08   0.0000000E+00
  7.04518250E-02   1.2103157E-08   0.0000000E+00   1.3033115E-08   0.0000000E+00
  7.44781000E-02   1.3111522E-08   0.0000000E+00   1.4059248E-08   0.0000000E+00
  7.85043750E-02   1.4138665E-08   0.0000000E+00   1.5104767E-08   0.0000000E+00
  8.25306500E-02   1.5184405E-08   0.0000000E+00   1.6168906E-08   0.0000000E+00
  8.65569250E-02   1.6248107E-08   0.0000000E+00   1.7250991E-08   0.0000000E+00
  9.05832000E-02   1.7329388E-08   0.0000000E+00   1.8350443E-08   0.0000000E+00
  9.46094750E-02   1.8428222E-08   0.0000000E+00   1.9466803E-08   0.0000000E+00
  9.86357500E-02   1.9543975E-08   0.0000000E+00   2.0599607E-08   0.0000000E+00
  1.03064652E-01   2.0788813E-08   0.0000000E+00   2.1748460E-08   0.0000000E+00
  1.07493555E-01   2.2051250E-08   0.0000000E+00   2.3030658E-08   0.0000000E+00
  1.11922457E-01   2.3330279E-08   0.0000000E+00   2.4330679E-08   0.0000000E+00
  1.16351360E-01   2.4626072E-08   0.0000000E+00   2.5648012E-08   0.0000000E+00
  1.20780262E-01   2.5938000E-08   0.0000000E+00   2.6982101E-08   0.0000000E+00
  1.25209165E-01   2.7265974E-08   0.0000000E+00   2.8332474E-08   0.0000000E+00
  1.29638067E-01   2.8609791E-08   0.0000000E+00   2.9698568E-08   0.0000000E+00
  1.34066970E-01   2.9969578E-08   0.0000000E+00   3.1080004E-08   0.0000000E+00
  1.38495872E-01   3.1344957E-08   0.0000000E+00   3.2477164E-08   0.0000000E+00
  1.42924775E-01   3.2736177E-08   0.0000000E+00   3.3889011E-08   0.0000000E+00
  1.47353677E-01   3.4142905E-08   0.0000000E+00   3.5314852E-08   0.0000000E+00
  1.51782580E-01   3.5562435E-08   0.0000000E+00   3.6754270E-08   0.0000000E+00
  1.56211482E-01   3.6995233E-08   0.0000000E+00   3.8206828E-08   0.0000000E+00
  1.60640385E-01   3.8441090E-08   0.0000000E+00   3.9672129E-08   0.0000000E+00
  1.65512178E-01   4.0044769E-08   0.0000000E+00   4.1149794E-08   0.0000000E+00
  1.70383970E-01   4.1663728E-08   0.0000000E+00   4.2789743E-08   0.0000000E+00
  1.75255763E-01   4.3296650E-08   0.0000000E+00   4.4443647E-08   0.0000000E+00
  1.80127556E-01   4.4943298E-08   0.0000000E+00   4.6105034E-08   0.0000000E+00
  1.85486528E-01   4.6771935E-08   0.0000000E+00   4.7783540E-08   0.0000000E+00
  1.90845500E-01   4.8616744E-08   0.0000000E+00   4.9645258E-08   0.0000000E+00
  1.96740369E-01   5.0663883E-08   0.0000000E+00   5.1521683E-08   0.0000000E+00
  2.02635239E-01   5.2728919E-08   0.0000000E+00   5.3602959E-08   0.0000000E+00
  2.08530108E-01   5.4809779E-08   0.0000000E+00   5.5700586E-08   0.0000000E+00
  2.14424977E-01   5.6906914E-08   0.0000000E+00   5.7813852E-08   0.0000000E+00
  2.20319846E-01   5.9020229E-08   0.0000000E+00   5.9943014E-08   0.0000000E+00
  2.26214715E-01   6.1148076E-08   0.0000000E+00   6.2087076E-08   0.0000000E+00
  2.32109585E-01   6.3291407E-08   0.0000000E+00   6.4244930E-08   0.0000000E+00
  2.38004454E-01   6.5448057E-08   0.0000000E+00   6.6416823E-08   0.0000000E+00
  2.43899323E-01   6.7617955E-08   0.0000000E+00   6.8604817E-08   0.0000000E+00
  2.49794192E-01   6.9801460E-08   0.0000000E+00   7.0805148E-08   0.0000000E+00
  2.55689062E-01   7.1997767E-08   0.0000000E+00   7.3017088E-08   0.0000000E+00
  2.62173418E-01   7.4428344E-08   0.0000000E+00   7.5240169E-08   0.0000000E+00
  2.68657774E-01   7.6873608E-08   0.0000000E+00   7.7699758E-08   0.0000000E+00
  2.75142130E-01   7.9333539E-08   0.0000000E+00   8.0172105E-08   0.0000000E+00
  2.82274922E-01   8.2054132E-08   0.0000000E+00   8.2656344E-08   0.0000000E+00
  2.89407714E-01   8.4790348E-08   0.0000000E+00   8.5402659E-08   0.0000000E+00
  2.96540505E-01   8.7540716E-08   0.0000000E+00   8.8162362E-08   0.0000000E+00
  3.04386576E-01   9.0580790E-08   0.0000000E+00   9.0935098E-08   0.0000000E+00
  3.12232647E-01   9.3636548E-08   0.0000000E+00   9.3999777E-08   0.0000000E+00
  3.20078718E-01   9.6706306E-08   0.0000000E+00   9.7077629E-08   0.0000000E+00
  3.28709396E-01   1.0009821E-07   0.0000000E+00   1.0016892E-07   0.0000000E+00
  3.37340074E-01   1.0350753E-07   0.0000000E+00   1.0358366E-07   0.0000000E+00
  3.46833820E-01   1.0727426E-07   0.0000000E+00   1.0701376E-07   0.0000000E+00
  3.56327566E-01   1.1105705E-07   0.0000000E+00   1.1080353E-07   0.0000000E+00
  3.65821312E-01   1.1485452E-07   0.0000000E+00   1.1460743E-07   0.0000000E+00
  3.75315058E-01   1.1866595E-07   0.0000000E+00   1.1842420E-07   0.0000000E+00
  3.85758178E-01   1.2287533E-07   0.0000000E+00   1.2225455E-07   0.0000000E+00
  3.96201298E-01   1.2710058E-07   0.0000000E+00   1.2648240E-07   0.0000000E+00
  4.07688731E-01   1.3176351E-07   0.0000000E+00   1.3072302E-07   0.0000000E+00
  4.20324907E-01   1.3690996E-07   0.0000000E+00   1.3540486E-07   0.0000000E+00
  4.34224700E-01   1.4259109E-07   0.0000000E+00   1.4057091E-07   0.0000000E+00
  4.48124493E-01   1.4829139E-07   0.0000000E+00   1.4627417E-07   0.0000000E+00
  4.63414266E-01   1.5458131E-07   0.0000000E+00   1.5199335E-07   0.0000000E+00
  4.80233016E-01   1.6152164E-07   0.0000000E+00   1.5830244E-07   0.0000000E+00
  4.98733640E-01   1.6918092E-07   0.0000000E+00   1.6526095E-07   0.0000000E+00
  5.17234265E-01   1.7686283E-07   0.0000000E+00   1.7293709E-07   0.0000000E+00
  5.37584953E-01   1.8533322E-07   0.0000000E+00   1.8063040E-07   0.0000000E+00
  5.59970709E-01   1.9467231E-07   0.0000000E+00   1.8911098E-07   0.0000000E+00
  5.82356465E-01   2.0403220E-07   0.0000000E+00   1.9846692E-07   0.0000000E+00
  6.04742221E-01   2.1340867E-07   0.0000000E+00   2.0783989E-07   0.0000000E+00
  6.29366553E-01   2.2374219E-07   0.0000000E+00   2.1722588E-07   0.0000000E+00
  6.53990884E-01   2.3409028E-07   0.0000000E+00   2.2756742E-07   0.0000000E+00
  6.81077649E-01   2.4548720E-07   0.0000000E+00   2.3792035E-07   0.0000000E+00
  7.10873091E-01   2.5803886E-07   0.0000000E+00   2.4932566E-07   0.0000000E+00
  7.40668532E-01   2.7060134E-07   0.0000000E+00   2.6188725E-07   0.0000000E+00
  7.73443517E-01   2.8443250E-07   0.0000000E+00   2.7445881E-07   0.0000000E+00
  8.09496001E-01   2.9965865E-07   0.0000000E+00   2.8829565E-07   0.0000000E+00
  8.49153734E-01   3.1641807E-07   0.0000000E+00   3.0352346E-07   0.0000000E+00
  8.92777239E-01   3.3486298E-07   0.0000000E+00   3.2028071E-07   0.0000000E+00
  9.40763096E-01   3.5516137E-07   0.0000000E+00   3.3872229E-07   0.0000000E+00
  9.93547538E-01   3.7750016E-07   0.0000000E+00   3.5901625E-07   0.0000000E+00
  1.04633198E+00   3.9983608E-07   0.0000000E+00   3.8134894E-07   0.0000000E+00
  1.10439487E+00   4.2440825E-07   0.0000000E+00   4.0368278E-07   0.0000000E+00
  1.16245775E+00   4.4897365E-07   0.0000000E+00   4.2825279E-07   0.0000000E+00
  1.22632693E+00   4.7599620E-07   0.0000000E+00   4.5281769E-07   0.0000000E+00
  1.29019610E+00   5.0300850E-07   0.0000000E+00   4.7983738E-07   0.0000000E+00
  1.36045219E+00   5.3272267E-07   0.0000000E+00   5.0684970E-07   0.0000000E+00
  1.43773389E+00   5.6541147E-07   0.0000000E+00   5.3656052E-07   0.0000000E+00
  1.51501560E+00   5.9808341E-07   0.0000000E+00   5.6923519E-07   0.0000000E+00
  1.60002547E+00   6.3402141E-07   0.0000000E+00   6.0189964E-07   0.0000000E+00
  1.68503534E+00   6.6993996E-07   0.0000000E+00   6.3782748E-07   0.0000000E+00
  1.77854620E+00   7.0944979E-07   0.0000000E+00   6.7375200E-07   0.0000000E+00
  1.87205706E+00   7.4893804E-07   0.0000000E+00   7.1326814E-07   0.0000000E+00
  1.97491900E+00   7.9237787E-07   0.0000000E+00   7.5277111E-07   0.0000000E+00
  2.08806714E+00   8.4017018E-07   0.0000000E+00   7.9622266E-07   0.0000000E+00
  2.21253009E+00   8.9274708E-07   0.0000000E+00   8.4401819E-07   0.0000000E+00
  2.34943934E+00   9.5058800E-07   0.0000000E+00   8.9659410E-07   0.0000000E+00
  2.48634859E+00   1.0083834E-06   0.0000000E+00   9.5443192E-07   0.0000000E+00
  2.63694876E+00   1.0719641E-06   0.0000000E+00   1.0122567E-06   0.0000000E+00
  2.80260895E+00   1.1419169E-06   0.0000000E+00   1.0758710E-06   0.0000000E+00
  2.98483516E+00   1.2188885E-06   0.0000000E+00   1.1458543E-06   0.0000000E+00
  3.16706137E+00   1.2957952E-06   0.0000000E+00   1.2228536E-06   0.0000000E+00
  3.36751020E+00   1.3804143E-06   0.0000000E+00   1.2998328E-06   0.0000000E+00
  3.56795903E+00   1.4649542E-06   0.0000000E+00   1.3844797E-06   0.0000000E+00
  3.78845274E+00   1.5579766E-06   0.0000000E+00   1.4691068E-06   0.0000000E+00
  4.03099583E+00   1.6603479E-06   0.0000000E+00   1.5622329E-06   0.0000000E+00
  4.27353891E+00   1.7626046E-06   0.0000000E+00   1.6646295E-06   0.0000000E+00
  4.54033630E+00   1.8751353E-06   0.0000000E+00   1.7670053E-06   0.0000000E+00
  4.83381344E+00   1.9989926E-06   0.0000000E+00   1.8796797E-06   0.0000000E+00
  5.12729057E+00   2.1226872E-06   0.0000000E+00   2.0035895E-06   0.0000000E+00
  5.45011541E+00   2.2588410E-06   0.0000000E+00   2.1274799E-06   0.0000000E+00
  5.77294026E+00   2.3948188E-06   0.0000000E+00   2.2636904E-06   0.0000000E+00
  6.12804759E+00   2.5445221E-06   0.0000000E+00   2.3998805E-06   0.0000000E+00
  6.48315492E+00   2.6940091E-06   0.0000000E+00   2.5496640E-06   0.0000000E+00
  6.87377298E+00   2.8585930E-06   0.0000000E+00   2.6994209E-06   0.0000000E+00
  7.30345285E+00   3.0398425E-06   0.0000000E+00   2.8643117E-06   0.0000000E+00
  7.73313272E+00   3.2207982E-06   0.0000000E+00   3.0457277E-06   0.0000000E+00
  8.20578058E+00   3.4201086E-06   0.0000000E+00   3.2271682E-06   0.0000000E+00
  8.72569322E+00   3.6397184E-06   0.0000000E+00   3.4270282E-06   0.0000000E+00
  9.29759713E+00   3.8816933E-06   0.0000000E+00   3.6471953E-06   0.0000000E+00
  9.86950103E+00   4.1231596E-06   0.0000000E+00   3.8892760E-06   0.0000000E+00
  1.04985953E+01   4.3892523E-06   0.0000000E+00   4.1313898E-06   0.0000000E+00
  1.11905991E+01   4.6825881E-06   0.0000000E+00   4.3983035E-06   0.0000000E+00
  1.19518032E+01   5.0060600E-06   0.0000000E+00   4.6926542E-06   0.0000000E+00
  1.27891277E+01   5.3628394E-06   0.0000000E+00   5.0172649E-06   0.0000000E+00
  1.37101846E+01   5.7564801E-06   0.0000000E+00   5.3753698E-06   0.0000000E+00
  1.47233473E+01   6.1910467E-06   0.0000000E+00   5.7706258E-06   0.0000000E+00
  1.57365099E+01   6.6242081E-06   0.0000000E+00   6.2050626E-06   0.0000000E+00
  1.68509889E+01   7.1025581E-06   0.0000000E+00   6.6401565E-06   0.0000000E+00
  1.80769157E+01   7.6311308E-06   0.0000000E+00   7.1208893E-06   0.0000000E+00
  1.94254352E+01   8.2154864E-06   0.0000000E+00   7.6523637E-06   0.0000000E+00
  2.07739547E+01   8.7973943E-06   0.0000000E+00   8.2365294E-06   0.0000000E+00
  2.22573261E+01   9.4411584E-06   0.0000000E+00   8.8220963E-06   0.0000000E+00
  2.37406975E+01   1.0082129E-05   0.0000000E+00   9.4660607E-06   0.0000000E+00
  2.52240690E+01   1.0720438E-05   0.0000000E+00   1.0107531E-05   0.0000000E+00
  2.68557776E+01   1.1427845E-05   0.0000000E+00   1.0750722E-05   0.0000000E+00
  2.86506570E+01   1.2212392E-05   0.0000000E+00   1.1464125E-05   0.0000000E+00
  3.04455365E+01   1.2993399E-05   0.0000000E+00   1.2249290E-05   0.0000000E+00
  3.24199039E+01   1.3860213E-05   0.0000000E+00   1.3037812E-05   0.0000000E+00
  3.45917080E+01   1.4823996E-05   0.0000000E+00   1.3914107E-05   0.0000000E+00
  3.69806925E+01   1.5897586E-05   0.0000000E+00   1.4889497E-05   0.0000000E+00
  3.96085755E+01   1.7095614E-05   0.0000000E+00   1.5977468E-05   0.0000000E+00
  4.24992468E+01   1.8434923E-05   0.0000000E+00   1.7193845E-05   0.0000000E+00
  4.56789853E+01   1.9936413E-05   0.0000000E+00   1.8557336E-05   0.0000000E+00
  4.91766975E+01   2.1624349E-05   0.0000000E+00   2.0090555E-05   0.0000000E+00
  5.26744098E+01   2.3303488E-05   0.0000000E+00   2.1783857E-05   0.0000000E+00
  5.61721221E+01   2.4975912E-05   0.0000000E+00   2.3470896E-05   0.0000000E+00
  6.00196056E+01   2.6865961E-05   0.0000000E+00   2.5185453E-05   0.0000000E+00
  6.42518374E+01   2.9010696E-05   0.0000000E+00   2.7128924E-05   0.0000000E+00
  6.84840693E+01   3.1147862E-05   0.0000000E+00   2.9284038E-05   0.0000000E+00
  7.27163011E+01   3.3279347E-05   0.0000000E+00   3.1433454E-05   0.0000000E+00
  7.73717562E+01   3.5712035E-05   0.0000000E+00   3.3633236E-05   0.0000000E+00
  8.24927567E+01   3.8506245E-05   0.0000000E+00   3.6157092E-05   0.0000000E+00
  8.76137572E+01   4.1296160E-05   0.0000000E+00   3.8969840E-05   0.0000000E+00
  9.32468578E+01   4.4527924E-05   0.0000000E+00   4.1880852E-05   0.0000000E+00
  9.94432685E+01   4.8312242E-05   0.0000000E+00   4.5278938E-05   0.0000000E+00
  1.06259320E+02   5.2817357E-05   0.0000000E+00   4.9298216E-05   0.0000000E+00
  1.13756977E+02   5.8304254E-05   0.0000000E+00   5.4200558E-05   0.0000000E+00
  1.22004400E+02   6.2353830E-05   0.0000000E+00   5.7820389E-05   0.0000000E+00
  1.30251822E+02   6.6382735E-05   0.0000000E+00   6.1887727E-05   0.0000000E+00
  1.39323987E+02   7.0994988E-05   0.0000000E+00   6.5992782E-05   0.0000000E+00
  1.48396152E+02   7.5574650E-05   0.0000000E+00   7.0620009E-05   0.0000000E+00
  1.58375533E+02   8.0856802E-05   0.0000000E+00   7.5292878E-05   0.0000000E+00
  1.68354915E+02   8.6079615E-05   0.0000000E+00   8.0573489E-05   0.0000000E+00
  1.78354915E+02   9.1244402E-05   0.0000000E+00   8.5791159E-05   0.0000000E+00
  1.88354915E+02   9.6317196E-05   0.0000000E+00   9.0942286E-05   0.0000000E+00
  1.98354915E+02   1.0128192E-04   0.0000000E+00   9.5997582E-05   0.0000000E+00
  2.08354915E+02   1.0612850E-04   0.0000000E+00   1.0094668E-04   0.0000000E+00
  2.18354915E+02   1.1084626E-04   0.0000000E+00   1.0577766E-04   0.0000000E+00
  2.28354915E+02   1.1542931E-04   0.0000000E+00   1.1047937E-04   0.0000000E+00
  2.38354915E+02   1.1987087E-04   0.0000000E+00   1.1504367E-04   0.0000000E+00
  2.48354915E+02   1.2416687E-04   0.0000000E+00   1.1946335E-04   0.0000000E+00
  2.58354915E+02   1.2831830E-04   0.0000000E+00   1.2373631E-04   0.0000000E+00
  2.68354915E+02   1.3232304E-04   0.0000000E+00   1.2786210E-04   0.0000000E+00
  2.78354915E+02   1.3618151E-04   0.0000000E+00   1.3184130E-04   0.0000000E+00
  2.88354915E+02   1.3989268E-04   0.0000000E+00   1.3567398E-04   0.0000000E+00
  2.98354915E+02   1.4346087E-04   0.0000000E+00   1.3936124E-04   0.0000000E+00
  3.08354915E+02   1.4688109E-04   0.0000000E+00   1.4290407E-04   0.0000000E+00
  3.18354915E+02   1.5016222E-04   0.0000000E+00   1.4629930E-04   0.0000000E+00
  3.28354915E+02   1.5275080E-04   0.0000000E+00   1.4896517E-04   0.0000000E+00
  3.38354915E+02   1.5524647E-04   0.0000000E+00   1.5153849E-04   0.0000000E+00
  3.48354915E+02   1.5765261E-04   0.0000000E+00   1.5402153E-04   0.0000000E+00
  3.58354915E+02   1.5997221E-04   0.0000000E+00   1.5641717E-04   0.0000000E+00
  3.68354915E+02   1.6220864E-04   0.0000000E+00   1.5873004E-04   0.0000000E+00
  3.78354915E+02   1.6436303E-04   0.0000000E+00   1.6096267E-04   0.0000000E+00
  3.88354915E+02   1.6644051E-04   0.0000000E+00   1.6311810E-04   0.0000000E+00
  3.98354915E+02   1.6844304E-04   0.0000000E+00   1.6519800E-04   0.0000000E+00
  4.08354915E+02   1.7037253E-04   0.0000000E+00   1.6720613E-04   0.0000000E+00
  4.18354915E+02   1.7222963E-04   0.0000000E+00   1.6914347E-04   0.0000000E+00
  4.28354915E+02   1.7401919E-04   0.0000000E+00   1.7101323E-04   0.0000000E+00
  4.38354915E+02   1.7574291E-04   0.0000000E+00   1.7281784E-04   0.0000000E+00
  4.48354915E+02   1.7740320E-04   0.0000000E+00   1.7455879E-04   0.0000000E+00
  4.58354915E+02   1.7899794E-04   0.0000000E+00   1.7623621E-04   0.0000000E+00
  4.68354915E+02   1.8053558E-04   0.0000000E+00   1.7785456E-04   0.0000000E+00
  4.78354915E+02   1.8201227E-04   0.0000000E+00   1.7941319E-04   0.0000000E+00
  4.88354915E+02   1.8343497E-04   0.0000000E+00   1.8091759E-04   0.0000000E+00
  4.98354915E+02   1.8480272E-04   0.0000000E+00   1.8236629E-04   0.0000000E+00
  5.08354915E+02   1.8611850E-04   0.0000000E+00   1.8376086E-04   0.0000000E+00
  5.18354915E+02   1.8738354E-04   0.0000000E+00   1.8510255E-04   0.0000000E+00
  5.28354915E+02   1.8859945E-04   0.0000000E+00   1.8639339E-04   0.0000000E+00
  5.38354915E+02   1.8976509E-04   0.0000000E+00   1.8763407E-04   0.0000000E+00
  5.48354915E+02   1.9088603E-04   0.0000000E+00   1.8882700E-04   0.0000000E+00
  5.58354915E+02   1.9196286E-04   0.0000000E+00   1.8997237E-04   0.0000000E+00
  5.68354915E+02   1.9299672E-04   0.0000000E+00   1.9107118E-04   0.0000000E+00
  5.78354915E+02   1.9398931E-04   0.0000000E+00   1.9212557E-04   0.0000000E+00
  5.88354915E+02   1.9493598E-04   0.0000000E+00   1.9313660E-04   0.0000000E+00
  5.98354915E+02   1.9584606E-04   0.0000000E+00   1.9410765E-04   0.0000000E+00
  6.08354915E+02   1.9671929E-04   0.0000000E+00   1.9503839E-04   0.0000000E+00
  6.18354915E+02   1.9755594E-04   0.0000000E+00   1.9593273E-04   0.0000000E+00
  6.28354915E+02   1.9835822E-04   0.0000000E+00   1.9678926E-04   0.0000000E+00
  6.38354915E+02   1.9912797E-04   0.0000000E+00   1.9760951E-04   0.0000000E+00
  6.48354915E+02   1.9986546E-04   0.0000000E+00   1.9839326E-04   0.0000000E+00
  6.58354915E+02   2.0057253E-04   0.0000000E+00   1.9914238E-04   0.0000000E+00
  6.68354915E+02   2.0124989E-04   0.0000000E+00   1.9985844E-04   0.0000000E+00
  6.78354915E+02   2.0189482E-04   0.0000000E+00   2.0054256E-04   0.0000000E+00
  6.88354915E+02   2.0251235E-04   0.0000000E+00   2.0119764E-04   0.0000000E+00
  6.98354915E+02   2.0310187E-04   0.0000000E+00   2.0182433E-04   0.0000000E+00
  7.08354915E+02   2.0366693E-04   0.0000000E+00   2.0242325E-04   0.0000000E+00
  7.18354915E+02   2.0420753E-04   0.0000000E+00   2.0299453E-04   0.0000000E+00
  7.28354915E+02   2.0472388E-04   0.0000000E+00   2.0353910E-04   0.0000000E+00
  7.38354915E+02   2.0521668E-04   0.0000000E+00   2.0405837E-04   0.0000000E+00
  7.48354915E+02   2.0568492E-04   0.0000000E+00   2.0455174E-04   0.0000000E+00
  7.58354915E+02   2.0613110E-04   0.0000000E+00   2.0502132E-04   0.0000000E+00
  7.68354915E+02   2.0655608E-04   0.0000000E+00   2.0546729E-04   0.0000000E+00
  7.78354915E+02   2.0696044E-04   0.0000000E+00   2.0588997E-04   0.0000000E+00
  7.88354915E+02   2.0734674E-04   0.0000000E+00   2.0628955E-04   0.0000000E+00
  7.98354915E+02   2.0771421E-04   0.0000000E+00   2.0666720E-04   0.0000000E+00
  8.08354915E+02   2.0806302E-04   0.0000000E+00   2.0702392E-04   0.0000000E+00
  8.18354915E+02   2.0839210E-04   0.0000000E+00   2.0736070E-04   0.0000000E+00
  8.28354915E+02   2.0870408E-04   0.0000000E+00   2.0768061E-04   0.0000000E+00
  8.38354915E+02   2.0899919E-04   0.0000000E+00   2.0798411E-04   0.0000000E+00
  8.48354915E+02   2.0927778E-04   0.0000000E+00   2.0827025E-04   0.0000000E+00
  8.58354915E+02   2.0954025E-04   0.0000000E+00   2.0854097E-04   0.0000000E+00
  8.68354915E+02   2.0978715E-04   0.0000000E+00   2.0879542E-04   0.0000000E+00
  8.78354915E+02   2.1001949E-04   0.0000000E+00   2.0903412E-04   0.0000000E+00
  8.88354915E+02   2.1023810E-04   0.0000000E+00   2.0925761E-04   0.0000000E+00
  8.98354915E+02   2.1044469E-04   0.0000000E+00   2.0946641E-04   0.0000000E+00
  9.08354915E+02   2.1063701E-04   0.0000000E+00   2.0966092E-04   0.0000000E+00
  9.18354915E+02   2.1081793E-04   0.0000000E+00   2.0984318E-04   0.0000000E+00
  9.28354915E+02   2.1098795E-04   0.0000000E+00   2.1001314E-04   0.0000000E+00
  9.38354915E+02   2.1114615E-04   0.0000000E+00   2.1017206E-04   0.0000000E+00
  9.48354915E+02   2.1128654E-04   0.0000000E+00   2.1031959E-04   0.0000000E+00
  9.58354915E+02   2.1141836E-04   0.0000000E+00   2.1045981E-04   0.0000000E+00
  9.68354915E+02   2.1153822E-04   0.0000000E+00   2.1059077E-04   0.0000000E+00
  9.78354915E+02   2.1164739E-04   0.0000000E+00   2.1071371E-04   0.0000000E+00
  9.88354915E+02   2.1174713E-04   0.0000000E+00   2.1082743E-04   0.0000000E+00
  9.98354915E+02   2.1183709E-04   0.0000000E+00   2.1093131E-04   0.0000000E+00
  1.00835491E+03   2.1191751E-04   0.0000000E+00   2.1102511E-04   0.0000000E+00
  1.01835491E+03   2.1198648E-04   0.0000000E+00   2.1110905E-04   0.0000000E+00
  1.02835491E+03   2.1204602E-04   0.0000000E+00   2.1118431E-04   0.0000000E+00
  1.03835491E+03   2.1209744E-04   0.0000000E+00   2.1125069E-04   0.0000000E+00
  1.04835491E+03   2.1213930E-04   0.0000000E+00   2.1131004E-04   0.0000000E+00
  1.05835491E+03   2.1217377E-04   0.0000000E+00   2.1136045E-04   0.0000000E+00
  1.06835491E+03   2.1220053E-04   0.0000000E+00   2.1140207E-04   0.0000000E+00
  1.07835491E+03   2.1221454E-04   0.0000000E+00   2.1143388E-04   0.0000000E+00
  1.08835491E+03   2.1222260E-04   0.0000000E+00   2.1145885E-04   0.0000000E+00
  1.09835491E+03   2.1222367E-04   0.0000000E+00   2.1147567E-04   0.0000000E+00
  1.10835491E+03   2.1221725E-04   0.0000000E+00   2.1148366E-04   0.0000000E+00
  1.11835491E+03   2.1220329E-04   0.0000000E+00   2.1148268E-04   0.0000000E+00
  1.12835491E+03   2.1218184E-04   0.0000000E+00   2.1147279E-04   0.0000000E+00
  1.13835491E+03   2.1215303E-04   0.0000000E+00   2.1145615E-04   0.0000000E+00
  1.14835491E+03   2.1211692E-04   0.0000000E+00   2.1143179E-04   0.0000000E+00
  1.15835491E+03   2.1206961E-04   0.0000000E+00   2.1139973E-04   0.0000000E+00
  1.16835491E+03   2.1201732E-04   0.0000000E+00   2.1136216E-04   0.0000000E+00
  1.17835491E+03   2.1195958E-04   0.0000000E+00   2.1131833E-04   0.0000000E+00
  1.18835491E+03   2.1189737E-04   0.0000000E+00   2.1126781E-04   0.0000000E+00
  1.19835491E+03   2.1183084E-04   0.0000000E+00   2.1121053E-04   0.0000000E+00
  1.20835491E+03   2.1175926E-04   0.0000000E+00   2.1114683E-04   0.0000000E+00
  1.21835491E+03   2.1168351E-04   0.0000000E+00   2.1107708E-04   0.0000000E+00
  1.22835491E+03   2.1160398E-04   0.0000000E+00   2.1100205E-04   0.0000000E+00
  1.23835491E+03   2.1152052E-04   0.0000000E+00   2.1092268E-04   0.0000000E+00
  1.24835491E+03   2.1143274E-04   0.0000000E+00   2.1084001E-04   0.0000000E+00
  1.25835491E+03   2.1134073E-04   0.0000000E+00   2.1075419E-04   0.0000000E+00
  1.26835491E+03   2.1124452E-04   0.0000000E+00   2.1066496E-04   0.0000000E+00
  1.27835491E+03   2.1114426E-04   0.0000000E+00   2.1057265E-04   0.0000000E+00
  1.28835491E+03   2.1104027E-04   0.0000000E+00   2.1047672E-04   0.0000000E+00
  1.29835491E+03   2.1093302E-04   0.0000000E+00   2.1037729E-04   0.0000000E+00
  1.30835491E+03   2.1082107E-04   0.0000000E+00   2.1027450E-04   0.0000000E+00
  1.31835491E+03   2.1070714E-04   0.0000000E+00   2.1016929E-04   0.0000000E+00
  1.32835491E+03   2.1059179E-04   0.0000000E+00   2.1006176E-04   0.0000000E+00
  1.33835491E+03   2.1047249E-04   0.0000000E+00   2.0995138E-04   0.0000000E+00
  1.34835491E+03   2.1035208E-04   0.0000000E+00   2.0983956E-04   0.0000000E+00
  1.35835491E+03   2.1023011E-04   0.0000000E+00   2.0972901E-04   0.0000000E+00
  1.36835491E+03   2.1010678E-04   0.0000000E+00   2.0961713E-04   0.0000000E+00
  1.37835491E+03   2.0998110E-04   0.0000000E+00   2.0950322E-04   0.0000000E+00
  1.38835491E+03   2.0985090E-04   0.0000000E+00   2.0938647E-04   0.0000000E+00
  1.39835491E+03   2.0971903E-04   0.0000000E+00   2.0926803E-04   0.0000000E+00
  1.40835491E+03   2.0958510E-04   0.0000000E+00   2.0914783E-04   0.0000000E+00
  1.41835491E+03   2.0944887E-04   0.0000000E+00   2.0902463E-04   0.0000000E+00
  1.42835491E+03   2.0931044E-04   0.0000000E+00   2.0889816E-04   0.0000000E+00
  1.43835491E+03   2.0917121E-04   0.0000000E+00   2.0876832E-04   0.0000000E+00
  1.44835491E+03   2.0902993E-04   0.0000000E+00   2.0863507E-04   0.0000000E+00
  1.45835491E+03   2.0888661E-04   0.0000000E+00   2.0849840E-04   0.0000000E+00
  1.46835491E+03   2.0874125E-04   0.0000000E+00   2.0835866E-04   0.0000000E+00
  1.47835491E+03   2.0859457E-04   0.0000000E+00   2.0821581E-04   0.0000000E+00
  1.48835491E+03   2.0844702E-04   0.0000000E+00   2.0806985E-04   0.0000000E+00
  1.49835491E+03   2.0829778E-04   0.0000000E+00   2.0792268E-04   0.0000000E+00
  1.50835491E+03   2.0814686E-04   0.0000000E+00   2.0777305E-04   0.0000000E+00
  1.51835491E+03   2.0799428E-04   0.0000000E+00   2.0762091E-04   0.0000000E+00
  1.52835491E+03   2.0784007E-04   0.0000000E+00   2.0746717E-04   0.0000000E+00
  1.53835491E+03   2.0768431E-04   0.0000000E+00   2.0731338E-04   0.0000000E+00
  1.54835491E+03   2.0752371E-04   0.0000000E+00   2.0715772E-04   0.0000000E+00
  1.55835491E+03   2.0736330E-04   0.0000000E+00   2.0700213E-04   0.0000000E+00
  1.56835491E+03   2.0720030E-04   0.0000000E+00   2.0684588E-04   0.0000000E+00
  1.57835491E+03   2.0703727E-04   0.0000000E+00   2.0668967E-04   0.0000000E+00
  1.58835491E+03   2.0687348E-04   0.0000000E+00   2.0653209E-04   0.0000000E+00
  1.59835491E+03   2.0670753E-04   0.0000000E+00   2.0637526E-04   0.0000000E+00
  1.60835491E+03   2.0653632E-04   0.0000000E+00   2.0621685E-04   0.0000000E+00
  1.61835491E+03   2.0636647E-04   0.0000000E+00   2.0605950E-04   0.0000000E+00
  1.62835491E+03   2.0619736E-04   0.0000000E+00   2.0590172E-04   0.0000000E+00
  1.63835491E+03   2.0602817E-04   0.0000000E+00   2.0574263E-04   0.0000000E+00
  1.64835491E+03   2.0585823E-04   0.0000000E+00   2.0558188E-04   0.0000000E+00
  1.65835491E+03   2.0568548E-04   0.0000000E+00   2.0542001E-04   0.0000000E+00
  1.66835491E+03   2.0551276E-04   0.0000000E+00   2.0525745E-04   0.0000000E+00
  1.67835491E+03   2.0534017E-04   0.0000000E+00   2.0509388E-04   0.0000000E+00
  1.68835491E+03   2.0516786E-04   0.0000000E+00   2.0492950E-04   0.0000000E+00
  1.69835491E+03   2.0499497E-04   0.0000000E+00   2.0476358E-04   0.0000000E+00
  1.70835491E+03   2.0481977E-04   0.0000000E+00   2.0459685E-04   0.0000000E+00
  1.71835491E+03   2.0464449E-04   0.0000000E+00   2.0442959E-04   0.0000000E+00
  1.72835491E+03   2.0446874E-04   0.0000000E+00   2.0426218E-04   0.0000000E+00
  1.73835491E+03   2.0429285E-04   0.0000000E+00   2.0409391E-04   0.0000000E+00
  1.74835491E+03   2.0411635E-04   0.0000000E+00   2.0392479E-04   0.0000000E+00
  1.75835491E+03   2.0393918E-04   0.0000000E+00   2.0375441E-04   0.0000000E+00
  1.76835491E+03   2.0375685E-04   0.0000000E+00   2.0358248E-04   0.0000000E+00
  1.77835491E+03   2.0357571E-04   0.0000000E+00   2.0341128E-04   0.0000000E+00
  1.78835491E+03   2.0339248E-04   0.0000000E+00   2.0324015E-04   0.0000000E+00
  1.79835491E+03   2.0320969E-04   0.0000000E+00   2.0306897E-04   0.0000000E+00
  1.80835491E+03   2.0302661E-04   0.0000000E+00   2.0289674E-04   0.0000000E+00
  1.81835491E+03   2.0284289E-04   0.0000000E+00   2.0272292E-04   0.0000000E+00
  1.82835491E+03   2.0265838E-04   0.0000000E+00   2.0254779E-04   0.0000000E+00
  1.83835491E+03   2.0246978E-04   0.0000000E+00   2.0237002E-04   0.0000000E+00
  1.84835491E+03   2.0228179E-04   0.0000000E+00   2.0219185E-04   0.0000000E+00
  1.85835491E+03   2.0209360E-04   0.0000000E+00   2.0201239E-04   0.0000000E+00
  1.86835491E+03   2.0190481E-04   0.0000000E+00   2.0183118E-04   0.0000000E+00
  1.87835491E+03   2.0171525E-04   0.0000000E+00   2.0164845E-04   0.0000000E+00
  1.88835491E+03   2.0152560E-04   0.0000000E+00   2.0146400E-04   0.0000000E+00
  1.89835491E+03   2.0133575E-04   0.0000000E+00   2.0127816E-04   0.0000000E+00
  1.90835491E+03   2.0114526E-04   0.0000000E+00   2.0109080E-04   0.0000000E+00
  1.91835491E+03   2.0095231E-04   0.0000000E+00   2.0090167E-04   0.0000000E+00
  1.92835491E+03   2.0075977E-04   0.0000000E+00   2.0071205E-04   0.0000000E+00
  1.93835491E+03   2.0056838E-04   0.0000000E+00   2.0052270E-04   0.0000000E+00
  1.94835491E+03   2.0037715E-04   0.0000000E+00   2.0033300E-04   0.0000000E+00
  1.95835491E+03   2.0018569E-04   0.0000000E+00   2.0014289E-04   0.0000000E+00
  1.96835491E+03   1.9999393E-04   0.0000000E+00   1.9995242E-04   0.0000000E+00
  1.97835491E+03   1.9980200E-04   0.0000000E+00   1.9976299E-04   0.0000000E+00
  1.98835491E+03   1.9961066E-04   0.0000000E+00   1.9957355E-04   0.0000000E+00
  1.99835491E+03   1.9941913E-04   0.0000000E+00   1.9938441E-04   0.0000000E+00
  2.00835491E+03   1.9922902E-04   0.0000000E+00   1.9919631E-04   0.0000000E+00
  2.01835491E+03   1.9903969E-04   0.0000000E+00   1.9900817E-04   0.0000000E+00
  2.02835491E+03   1.9885069E-04   0.0000000E+00   1.9882099E-04   0.0000000E+00
  2.03835491E+03   1.9865967E-04   0.0000000E+00   1.9863707E-04   0.0000000E+00
  2.04835491E+03   1.9846957E-04   0.0000000E+00   1.9845450E-04   0.0000000E+00
  2.05835491E+03   1.9827996E-04   0.0000000E+00   1.9827296E-04   0.0000000E+00
  2.06835491E+03   1.9809060E-04   0.0000000E+00   1.9809178E-04   0.0000000E+00
  2.07835491E+03   1.9790141E-04   0.0000000E+00   1.9791075E-04   0.0000000E+00
  2.08835491E+03   1.9771261E-04   0.0000000E+00   1.9772992E-04   0.0000000E+00
  2.09835491E+03   1.9752399E-04   0.0000000E+00   1.9754908E-04   0.0000000E+00
  2.10835491E+03   1.9733555E-04   0.0000000E+00   1.9736819E-04   0.0000000E+00
  2.11835491E+03   1.9714535E-04   0.0000000E+00   1.9718792E-04   0.0000000E+00
  2.12835491E+03   1.9695608E-04   0.0000000E+00   1.9700892E-04   0.0000000E+00
  2.13835491E+03   1.9676764E-04   0.0000000E+00   1.9683070E-04   0.0000000E+00
  2.14835491E+03   1.9657999E-04   0.0000000E+00   1.9665277E-04   0.0000000E+00
  2.15835491E+03   1.9639363E-04   0.0000000E+00   1.9647494E-04   0.0000000E+00
  2.16835491E+03   1.9620815E-04   0.0000000E+00   1.9629709E-04   0.0000000E+00
  2.17835491E+03   1.9602308E-04   0.0000000E+00   1.9611916E-04   0.0000000E+00
  2.18835491E+03   1.9583862E-04   0.0000000E+00   1.9594111E-04   0.0000000E+00
  2.19835491E+03   1.9565476E-04   0.0000000E+00   1.9576289E-04   0.0000000E+00
  2.20835491E+03   1.9547190E-04   0.0000000E+00   1.9558492E-04   0.0000000E+00
  2.21835491E+03   1.9528948E-04   0.0000000E+00   1.9540805E-04   0.0000000E+00
  2.22835491E+03   1.9510828E-04   0.0000000E+00   1.9523292E-04   0.0000000E+00
  2.23835491E+03   1.9492818E-04   0.0000000E+00   1.9505912E-04   0.0000000E+00
  2.24835491E+03   1.9474873E-04   0.0000000E+00   1.9488569E-04   0.0000000E+00
  2.25835491E+03   1.9456979E-04   0.0000000E+00   1.9471306E-04   0.0000000E+00
  2.26835491E+03   1.9439154E-04   0.0000000E+00   1.9454056E-04   0.0000000E+00
  2.27835491E+03   1.9421424E-04   0.0000000E+00   1.9436964E-04   0.0000000E+00
  2.28835491E+03   1.9403279E-04   0.0000000E+00   1.9419938E-04   0.0000000E+00
  2.29835491E+03   1.9385389E-04   0.0000000E+00   1.9403137E-04   0.0000000E+00
  2.30835491E+03   1.9367625E-04   0.0000000E+00   1.9386396E-04   0.0000000E+00
  2.31835491E+03   1.9349919E-04   0.0000000E+00   1.9369626E-04   0.0000000E+00
  2.32835491E+03   1.9332156E-04   0.0000000E+00   1.9353115E-04   0.0000000E+00
  2.33835491E+03   1.9314482E-04   0.0000000E+00   1.9336602E-04   0.0000000E+00
  2.34835491E+03   1.9296862E-04   0.0000000E+00   1.9320046E-04   0.0000000E+00
  2.35835491E+03   1.9279276E-04   0.0000000E+00   1.9303428E-04   0.0000000E+00
  2.36835491E+03   1.9261715E-04   0.0000000E+00   1.9286740E-04   0.0000000E+00
  2.37835491E+03   1.9243809E-04   0.0000000E+00   1.9269903E-04   0.0000000E+00
  2.38835491E+03   1.9226095E-04   0.0000000E+00   1.9253174E-04   0.0000000E+00
  2.39835491E+03   1.9208473E-04   0.0000000E+00   1.9236446E-04   0.0000000E+00
  2.40835491E+03   1.9190885E-04   0.0000000E+00   1.9219715E-04   0.0000000E+00
  2.41835491E+03   1.9173309E-04   0.0000000E+00   1.9202918E-04   0.0000000E+00
  2.42835491E+03   1.9155744E-04   0.0000000E+00   1.9186060E-04   0.0000000E+00
  2.43835491E+03   1.9138185E-04   0.0000000E+00   1.9169140E-04   0.0000000E+00
  2.44835491E+03   1.9120631E-04   0.0000000E+00   1.9152153E-04   0.0000000E+00
  2.45835491E+03   1.9103083E-04   0.0000000E+00   1.9135122E-04   0.0000000E+00
  2.46835491E+03   1.9085542E-04   0.0000000E+00   1.9118031E-04   0.0000000E+00
  2.47835491E+03   1.9068011E-04   0.0000000E+00   1.9100903E-04   0.0000000E+00
  2.48835491E+03   1.9050526E-04   0.0000000E+00   1.9083737E-04   0.0000000E+00
  2.49835491E+03   1.9032820E-04   0.0000000E+00   1.9066606E-04   0.0000000E+00
  2.50835491E+03   1.9015235E-04   0.0000000E+00   1.9049579E-04   0.0000000E+00
  2.51835491E+03   1.8997716E-04   0.0000000E+00   1.9032589E-04   0.0000000E+00
  2.52835491E+03   1.8980232E-04   0.0000000E+00   1.9015595E-04   0.0000000E+00
  2.53835491E+03   1.8962771E-04   0.0000000E+00   1.8998579E-04   0.0000000E+00
  2.54835491E+03   1.8945345E-04   0.0000000E+00   1.8981532E-04   0.0000000E+00
  2.55835491E+03   1.8927598E-04   0.0000000E+00   1.8964361E-04   0.0000000E+00
  2.56835491E+03   1.8910030E-04   0.0000000E+00   1.8947347E-04   0.0000000E+00
  2.57835491E+03   1.8892347E-04   0.0000000E+00   1.8930427E-04   0.0000000E+00
  2.58835491E+03   1.8874782E-04   0.0000000E+00   1.8913596E-04   0.0000000E+00
  2.59835491E+03   1.8856822E-04   0.0000000E+00   1.8896776E-04   0.0000000E+00
  2.60835491E+03   1.8839091E-04   0.0000000E+00   1.8880144E-04   0.0000000E+00
  2.61835491E+03   1.8821468E-04   0.0000000E+00   1.8863679E-04   0.0000000E+00
  2.62835491E+03   1.8803885E-04   0.0000000E+00   1.8847188E-04   0.0000000E+00
  2.63835491E+03   1.8786309E-04   0.0000000E+00   1.8830622E-04   0.0000000E+00
  2.64835491E+03   1.8768732E-04   0.0000000E+00   1.8813963E-04   0.0000000E+00
  2.65835491E+03   1.8751149E-04   0.0000000E+00   1.8797199E-04   0.0000000E+00
  2.66835491E+03   1.8733557E-04   0.0000000E+00   1.8780323E-04   0.0000000E+00
  2.67835491E+03   1.8715955E-04   0.0000000E+00   1.8763356E-04   0.0000000E+00
  2.68835491E+03   1.8698343E-04   0.0000000E+00   1.8746280E-04   0.0000000E+00
  2.69835491E+03   1.8680721E-04   0.0000000E+00   1.8729094E-04   0.0000000E+00
  2.70835491E+03   1.8663089E-04   0.0000000E+00   1.8711854E-04   0.0000000E+00
  2.71835491E+03   1.8645450E-04   0.0000000E+00   1.8694543E-04   0.0000000E+00
  2.72835491E+03   1.8627809E-04   0.0000000E+00   1.8677148E-04   0.0000000E+00
  2.73835491E+03   1.8610167E-04   0.0000000E+00   1.8659672E-04   0.0000000E+00
  2.74835491E+03   1.8592528E-04   0.0000000E+00   1.8642118E-04   0.0000000E+00
  2.75835491E+03   1.8574893E-04   0.0000000E+00   1.8624489E-04   0.0000000E+00
  2.76835491E+03   1.8557265E-04   0.0000000E+00   1.8606791E-04   0.0000000E+00
  2.77835491E+03   1.8539658E-04   0.0000000E+00   1.8589028E-04   0.0000000E+00
  2.78835491E+03   1.8522113E-04   0.0000000E+00   1.8571249E-04   0.0000000E+00
  2.79835491E+03   1.8504590E-04   0.0000000E+00   1.8553423E-04   0.0000000E+00
  2.80835491E+03   1.8487089E-04   0.0000000E+00   1.8535555E-04   0.0000000E+00
  2.81835491E+03   1.8469611E-04   0.0000000E+00   1.8517649E-04   0.0000000E+00
  2.82835491E+03   1.8451977E-04   0.0000000E+00   1.8499823E-04   0.0000000E+00
  2.83835491E+03   1.8434509E-04   0.0000000E+00   1.8482204E-04   0.0000000E+00
  2.84835491E+03   1.8417123E-04   0.0000000E+00   1.8464718E-04   0.0000000E+00
  2.85835491E+03   1.8399797E-04   0.0000000E+00   1.8447280E-04   0.0000000E+00
  2.86835491E+03   1.8382567E-04   0.0000000E+00   1.8429873E-04   0.0000000E+00
  2.87835491E+03   1.8365457E-04   0.0000000E+00   1.8412491E-04   0.0000000E+00
  2.88835491E+03   1.8348401E-04   0.0000000E+00   1.8395190E-04   0.0000000E+00
  2.89835491E+03   1.8331395E-04   0.0000000E+00   1.8377994E-04   0.0000000E+00
  2.90835491E+03   1.8314466E-04   0.0000000E+00   1.8360954E-04   0.0000000E+00
  2.91835491E+03   1.8297657E-04   0.0000000E+00   1.8344069E-04   0.0000000E+00
  2.92835491E+03   1.8281083E-04   0.0000000E+00   1.8327256E-04   0.0000000E+00
  2.93835491E+03   1.8264598E-04   0.0000000E+00   1.8310481E-04   0.0000000E+00
  2.94835491E+03   1.8248179E-04   0.0000000E+00   1.8293948E-04   0.0000000E+00
  2.95835491E+03   1.8231840E-04   0.0000000E+00   1.8277575E-04   0.0000000E+00
  2.96835491E+03   1.8215559E-04   0.0000000E+00   1.8261283E-04   0.0000000E+00
  2.97835491E+03   1.8199003E-04   0.0000000E+00   1.8244966E-04   0.0000000E+00
  2.98835491E+03   1.8182460E-04   0.0000000E+00   1.8229028E-04   0.0000000E+00
  2.99835491E+03   1.8166127E-04   0.0000000E+00   1.8213330E-04   0.0000000E+00
  3.00835491E+03   1.8149905E-04   0.0000000E+00   1.8197767E-04   0.0000000E+00
  3.01835491E+03   1.8133752E-04   0.0000000E+00   1.8182297E-04   0.0000000E+00
  3.02835491E+03   1.8117649E-04   0.0000000E+00   1.8166871E-04   0.0000000E+00
  3.03835491E+03   1.8101587E-04   0.0000000E+00   1.8151469E-04   0.0000000E+00
  3.04835491E+03   1.8085584E-04   0.0000000E+00   1.8136083E-04   0.0000000E+00
  3.05835491E+03   1.8069644E-04   0.0000000E+00   1.8120703E-04   0.0000000E+00
  3.06835491E+03   1.8053789E-04   0.0000000E+00   1.8105325E-04   0.0000000E+00
  3.07835491E+03   1.8037754E-04   0.0000000E+00   1.8090006E-04   0.0000000E+00
  3.08835491E+03   1.8021655E-04   0.0000000E+00   1.8074911E-04   0.0000000E+00
  3.09835491E+03   1.8005749E-04   0.0000000E+00   1.8060008E-04   0.0000000E+00
  3.10835491E+03   1.7989982E-04   0.0000000E+00   1.8045188E-04   0.0000000E+00
  3.11835491E+03   1.7974358E-04   0.0000000E+00   1.8030408E-04   0.0000000E+00
  3.12835491E+03   1.7958802E-04   0.0000000E+00   1.8015731E-04   0.0000000E+00
  3.13835491E+03   1.7943291E-04   0.0000000E+00   1.8001055E-04   0.0000000E+00
  3.14835491E+03   1.7927818E-04   0.0000000E+00   1.7986357E-04   0.0000000E+00
  3.15835491E+03   1.7912382E-04   0.0000000E+00   1.7971636E-04   0.0000000E+00
  3.16835491E+03   1.7897051E-04   0.0000000E+00   1.7956965E-04   0.0000000E+00
  3.17835491E+03   1.7881794E-04   0.0000000E+00   1.7942256E-04   0.0000000E+00
  3.18835491E+03   1.7866572E-04   0.0000000E+00   1.7927504E-04   0.0000000E+00
  3.19835491E+03   1.7851385E-04   0.0000000E+00   1.7912707E-04   0.0000000E+00
  3.20835491E+03   1.7836229E-04   0.0000000E+00   1.7897863E-04   0.0000000E+00
  3.21835491E+03   1.7821140E-04   0.0000000E+00   1.7882969E-04   0.0000000E+00
  3.22835491E+03   1.7806143E-04   0.0000000E+00   1.7868025E-04   0.0000000E+00
  3.23835491E+03   1.7791179E-04   0.0000000E+00   1.7853130E-04   0.0000000E+00
  3.24835491E+03   1.7776248E-04   0.0000000E+00   1.7838217E-04   0.0000000E+00
  3.25835491E+03   1.7761348E-04   0.0000000E+00   1.7823264E-04   0.0000000E+00
  3.26835491E+03   1.7746284E-04   0.0000000E+00   1.7808365E-04   0.0000000E+00
  3.27835491E+03   1.7731351E-04   0.0000000E+00   1.7793604E-04   0.0000000E+00
  3.28835491E+03   1.7716481E-04   0.0000000E+00   1.7778835E-04   0.0000000E+00
  3.29835491E+03   1.7701641E-04   0.0000000E+00   1.7764014E-04   0.0000000E+00
  3.30835491E+03   1.7686709E-04   0.0000000E+00   1.7749352E-04   0.0000000E+00
  3.31835491E+03   1.7671872E-04   0.0000000E+00   1.7734717E-04   0.0000000E+00
  3.32835491E+03   1.7657092E-04   0.0000000E+00   1.7720116E-04   0.0000000E+00
  3.33835491E+03   1.7642351E-04   0.0000000E+00   1.7705502E-04   0.0000000E+00
  3.34835491E+03   1.7627640E-04   0.0000000E+00   1.7690852E-04   0.0000000E+00
  3.35835491E+03   1.7612957E-04   0.0000000E+00   1.7676168E-04   0.0000000E+00
  3.36835491E+03   1.7598300E-04   0.0000000E+00   1.7661449E-04   0.0000000E+00
  3.37835491E+03   1.7583669E-04   0.0000000E+00   1.7646698E-04   0.0000000E+00
  3.38835491E+03   1.7569063E-04   0.0000000E+00   1.7631918E-04   0.0000000E+00
  3.39835491E+03   1.7554482E-04   0.0000000E+00   1.7617112E-04   0.0000000E+00
  3.40835491E+03   1.7539927E-04   0.0000000E+00   1.7602281E-04   0.0000000E+00
  3.41835491E+03   1.7525397E-04   0.0000000E+00   1.7587476E-04   0.0000000E+00
  3.42835491E+03   1.7510893E-04   0.0000000E+00   1.7572660E-04   0.0000000E+00
  3.43835491E+03   1.7496416E-04   0.0000000E+00   1.7557835E-04   0.0000000E+00
  3.44835491E+03   1.7481967E-04   0.0000000E+00   1.7543004E-04   0.0000000E+00
  3.45835491E+03   1.7467546E-04   0.0000000E+00   1.7528227E-04   0.0000000E+00
  3.46835491E+03   1.7452933E-04   0.0000000E+00   1.7513569E-04   0.0000000E+00
  3.47835491E+03   1.7438444E-04   0.0000000E+00   1.7499051E-04   0.0000000E+00
  3.48835491E+03   1.7424032E-04   0.0000000E+00   1.7484620E-04   0.0000000E+00
  3.49835491E+03   1.7409671E-04   0.0000000E+00   1.7470240E-04   0.0000000E+00
  3.50835491E+03   1.7395351E-04   0.0000000E+00   1.7455894E-04   0.0000000E+00
  3.51835491E+03   1.7381069E-04   0.0000000E+00   1.7441573E-04   0.0000000E+00
  3.52835491E+03   1.7366823E-04   0.0000000E+00   1.7427270E-04   0.0000000E+00
  3.53835491E+03   1.7352612E-04   0.0000000E+00   1.7412980E-04   0.0000000E+00
  3.54835491E+03   1.7338435E-04   0.0000000E+00   1.7398699E-04   0.0000000E+00
  3.55835491E+03   1.7324291E-04   0.0000000E+00   1.7384429E-04   0.0000000E+00
  3.56835491E+03   1.7310176E-04   0.0000000E+00   1.7370165E-04   0.0000000E+00
  3.57835491E+03   1.7296092E-04   0.0000000E+00   1.7355906E-04   0.0000000E+00
  3.58835491E+03   1.7281641E-04   0.0000000E+00   1.7341561E-04   0.0000000E+00
  3.59417746E+03   1.7273550E-04   0.0000000E+00   1.7618831E-04   0.0000000E+00
  3.60000000E+03   1.7265642E-04   0.0000000E+00   1.7597668E-04   0.0000000E+00
